1 47143806
2 4486892
3 1436620
4 852782
5 918971
6 1325164
7 1856164
8 2387518
9 2915752
10 3328985
11 3557304
12 3560756
13 3426156
14 3374600
15 3322613
16 3454152
17 3864417
18 4450382
19 5116682
20 5934453
21 6626057
22 7108562
23 7359957
24 7286536
25 7039704
26 6447719
27 5740909
28 4933289
29 4078520
30 3231646
31 2502092
32 1905642
33 1436460
34 1078022
35 769300
36 547217
37 389307
38 278147
39 207588
40 164092
41 130337
42 115556
43 96989
44 92119
45 81620
46 78398
47 75339
48 70194
49 62286
50 60861
51 60263
52 55437
53 53275
54 46700
55 44525
56 43830
57 43189
58 43591
59 38989
60 35504
61 31339
62 30309
63 28174
64 27772
65 26900
66 25743
67 24911
68 23179
69 22729
70 21504
71 22326
72 20057
73 19415
74 19499
75 18779
76 18297
77 17197
78 17052
79 16714
80 17324
81 17406
82 16680
83 16413
84 15552
85 14580
86 13853
87 13641
88 13676
89 12736
90 12788
91 12577
92 12350
93 12150
94 12041
95 11733
96 11103
97 10074
98 10981
99 10326
100 10083
101 10513
102 10263
103 9810
104 9222
105 9251
106 8575
107 8434
108 8501
109 8355
110 8127
111 7845
112 7587
113 7821
114 7953
115 7347
116 7366
117 6868
118 6964
119 5934
120 6003
121 6047
122 6126
123 5783
124 5836
125 5863
126 6109
127 6032
128 6141
129 6391
130 5900
131 5709
132 5987
133 5778
134 5515
135 5533
136 5270
137 5344
138 5405
139 5132
140 4989
141 4916
142 4480
143 4555
144 4370
145 4384
146 4351
147 4310
148 4353
149 4432
150 4552
151 4407
152 4686
153 4329
154 4297
155 4700
156 4410
157 4433
158 4225
159 3976
160 3869
161 3839
162 3525
163 3467
164 3481
165 3699
166 3592
167 3467
168 3438
169 3457
170 3437
171 3487
172 3402
173 3392
174 3556
175 3056
176 3289
177 3169
178 3126
179 3087
180 2902
181 2987
182 3115
183 3147
184 3097
185 3162
186 2908
187 2915
188 2792
189 2658
190 2670
191 2695
192 2516
193 2670
194 2818
195 2727
196 2688
197 2543
198 2469
199 2493
200 2364
201 2427
202 2419
203 2286
204 2281
205 2434
206 2328
207 2169
208 2246
209 2525
210 2368
211 2367
212 2270
213 2347
214 2062
215 2130
216 2157
217 2147
218 2096
219 2230
220 2029
221 2108
222 2204
223 1988
224 2078
225 1862
226 2015
227 2032
228 2041
229 1989
230 2165
231 2126
232 2025
233 1912
234 1885
235 1825
236 1984
237 1823
238 1913
239 1849
240 1742
241 1809
242 2012
243 2074
244 2149
245 2133
246 2052
247 1998
248 1859
249 1898
250 1916
251 1931
252 1962
253 1926
254 1784
255 1671
256 1742
257 1582
258 1617
259 1671
260 1661
261 1639
262 1524
263 1716
264 1536
265 1620
266 1526
267 1492
268 1704
269 1643
270 1834
271 1893
272 1836
273 1601
274 1748
275 1567
276 1579
277 1565
278 1768
279 1813
280 1771
281 1600
282 1694
283 1546
284 1572
285 1465
286 1329
287 1436
288 1233
289 1245
290 1276
291 1252
292 1448
293 1211
294 1448
295 1497
296 1406
297 1353
298 1207
299 1353
300 1462
301 1361
302 1513
303 1383
304 1394
305 1335
306 1409
307 1328
308 1347
309 1273
310 1444
311 1501
312 1340
313 1362
314 1394
315 1316
316 1362
317 1291
318 1083
319 1120
320 1235
321 1316
322 1265
323 1229
324 1251
325 1239
326 1278
327 1293
328 1354
329 1292
330 1390
331 1465
332 1406
333 1393
334 1350
335 1402
336 1383
337 1203
338 1231
339 1146
340 1263
341 1185
342 1231
343 1209
344 1198
345 1151
346 1090
347 1132
348 1147
349 1087
350 1121
351 1124
352 1132
353 1099
354 1104
355 1190
356 1064
357 1125
358 1233
359 1142
360 1137
361 1178
362 1182
363 1248
364 1194
365 1209
366 1281
367 1307
368 1379
369 1293
370 1246
371 1344
372 1234
373 1164
374 1141
375 1099
376 1072
377 1104
378 1067
379 1050
380 1096
381 1111
382 1019
383 1146
384 1059
385 1175
386 1080
387 1120
388 1176
389 1168
390 1200
391 1086
392 1181
393 1057
394 1073
395 1191
396 1316
397 1233
398 1013
399 1148
400 1170
401 1201
402 1191
403 1215
404 1211
405 1167
406 1198
407 1046
408 1183
409 1153
410 1122
411 1077
412 1213
413 1113
414 1028
415 1130
416 1084
417 1067
418 976
419 1041
420 985
421 989
422 1066
423 1013
424 1040
425 1057
426 1092
427 936
428 974
429 1042
430 964
431 1043
432 1127
433 984
434 904
435 874
436 841
437 833
438 859
439 794
440 907
441 861
442 861
443 853
444 823
445 868
446 882
447 779
448 846
449 829
450 831
451 855
452 806
453 744
454 793
455 744
456 737
457 710
458 753
459 805
460 800
461 802
462 806
463 814
464 797
465 741
466 733
467 689
468 734
469 736
470 754
471 746
472 791
473 657
474 680
475 769
476 789
477 788
478 819
479 726
480 810
481 750
482 754
483 756
484 760
485 751
486 733
487 721
488 695
489 679
490 732
491 692
492 749
493 695
494 713
495 632
496 754
497 756
498 683
499 654
500 583
501 694
502 776
503 745
504 718
505 718
506 628
507 617
508 674
509 620
510 621
511 609
512 568
513 576
514 521
515 601
516 559
517 631
518 636
519 645
520 643
521 692
522 765
523 703
524 768
525 651
526 691
527 732
528 674
529 702
530 758
531 711
532 687
533 700
534 666
535 661
536 667
537 680
538 664
539 729
540 650
541 606
542 673
543 596
544 574
545 612
546 736
547 674
548 731
549 778
550 851
551 795
552 862
553 906
554 972
555 898
556 1003
557 1092
558 1187
559 1126
560 1072
561 1166
562 1020
563 914
564 930
565 802
566 709
567 684
568 635
569 586
570 518
571 509
572 466
573 426
574 427
575 524
576 416
577 407
578 403
579 379
580 474
581 405
582 423
583 413
584 377
585 401
586 351
587 405
588 402
589 475
590 483
591 412
592 385
593 359
594 368
595 380
596 385
597 403
598 427
599 429
600 427
601 458
602 418
603 452
604 412
605 430
606 411
607 410
608 420
609 410
610 343
611 399
612 398
613 394
614 432
615 419
616 405
617 430
618 456
619 435
620 403
621 493
622 397
623 398
624 377
625 369
626 439
627 377
628 409
629 387
630 438
631 418
632 446
633 455
634 409
635 350
636 392
637 363
638 362
639 389
640 377
641 383
642 362
643 408
644 394
645 366
646 328
647 336
648 348
649 333
650 320
651 357
652 303
653 318
654 297
655 326
656 297
657 352
658 330
659 313
660 365
661 385
662 334
663 345
664 328
665 323
666 347
667 320
668 341
669 331
670 285
671 280
672 300
673 302
674 312
675 262
676 280
677 305
678 339
679 284
680 338
681 372
682 350
683 347
684 346
685 333
686 329
687 321
688 341
689 355
690 352
691 319
692 348
693 301
694 308
695 293
696 282
697 289
698 313
699 300
700 313
701 322
702 284
703 295
704 263
705 294
706 270
707 277
708 279
709 262
710 270
711 272
712 247
713 257
714 261
715 269
716 287
717 251
718 252
719 266
720 295
721 285
722 319
723 253
724 269
725 244
726 295
727 219
728 295
729 297
730 272
731 293
732 263
733 322
734 272
735 271
736 264
737 261
738 231
739 276
740 275
741 294
742 287
743 287
744 287
745 258
746 228
747 304
748 255
749 265
750 328
751 312
752 298
753 283
754 277
755 287
756 246
757 244
758 269
759 263
760 265
761 242
762 270
763 238
764 252
765 253
766 292
767 305
768 289
769 344
770 291
771 305
772 311
773 308
774 289
775 363
776 295
777 230
778 270
779 266
780 286
781 283
782 277
783 333
784 298
785 263
786 302
787 314
788 321
789 295
790 262
791 268
792 266
793 260
794 273
795 287
796 232
797 282
798 321
799 327
800 291
801 260
802 295
803 262
804 277
805 278
806 229
807 228
808 264
809 241
810 256
811 257
812 201
813 252
814 197
815 193
816 230
817 236
818 253
819 256
820 294
821 257
822 249
823 270
824 232
825 211
826 218
827 262
828 193
829 203
830 235
831 239
832 207
833 269
834 238
835 225
836 228
837 218
838 224
839 242
840 245
841 284
842 225
843 229
844 268
845 282
846 258
847 244
848 267
849 241
850 269
851 239
852 194
853 212
854 220
855 268
856 245
857 252
858 297
859 267
860 242
861 258
862 293
863 256
864 285
865 300
866 312
867 355
868 296
869 283
870 349
871 310
872 345
873 344
874 332
875 381
876 395
877 438
878 379
879 399
880 398
881 384
882 372
883 411
884 361
885 361
886 359
887 367
888 378
889 354
890 360
891 308
892 338
893 288
894 303
895 246
896 280
897 274
898 266
899 258
900 300
901 246
902 237
903 260
904 214
905 221
906 222
907 215
908 233
909 206
910 245
911 278
912 246
913 262
914 220
915 277
916 283
917 297
918 323
919 328
920 307
921 319
922 297
923 303
924 289
925 324
926 304
927 275
928 297
929 299
930 355
931 305
932 302
933 273
934 288
935 294
936 267
937 296
938 255
939 277
940 250
941 288
942 297
943 294
944 273
945 263
946 303
947 313
948 298
949 286
950 332
951 319
952 374
953 319
954 340
955 320
956 303
957 244
958 270
959 306
960 322
961 297
962 277
963 315
964 270
965 240
966 278
967 324
968 275
969 269
970 311
971 284
972 233
973 271
974 332
975 297
976 303
977 293
978 296
979 305
980 303
981 249
982 331
983 331
984 324
985 227
986 219
987 249
988 302
989 249
990 219
991 237
992 253
993 256
994 243
995 227
996 203
997 195
998 202
999 205
1000 181
1001 229
1002 200
1003 144
1004 208
1005 239
1006 227
1007 190
1008 175
1009 220
1010 210
1011 193
1012 200
1013 173
1014 190
1015 218
1016 175
1017 161
1018 183
1019 217
1020 251
1021 234
1022 211
1023 224
1024 222
1025 183
1026 186
1027 191
1028 187
1029 183
1030 251
1031 195
1032 188
1033 194
1034 202
1035 163
1036 201
1037 172
1038 197
1039 165
1040 177
1041 186
1042 174
1043 158
1044 166
1045 164
1046 157
1047 164
1048 172
1049 174
1050 178
1051 187
1052 207
1053 184
1054 157
1055 162
1056 175
1057 164
1058 164
1059 192
1060 163
1061 158
1062 172
1063 126
1064 161
1065 176
1066 197
1067 197
1068 147
1069 147
1070 133
1071 140
1072 160
1073 155
1074 184
1075 149
1076 145
1077 121
1078 108
1079 206
1080 143
1081 146
1082 135
1083 150
1084 158
1085 118
1086 123
1087 145
1088 137
1089 136
1090 129
1091 136
1092 132
1093 152
1094 170
1095 148
1096 142
1097 144
1098 146
1099 139
1100 164
1101 123
1102 138
1103 154
1104 127
1105 161
1106 117
1107 118
1108 136
1109 145
1110 136
1111 130
1112 137
1113 163
1114 152
1115 147
1116 157
1117 107
1118 126
1119 125
1120 135
1121 142
1122 167
1123 147
1124 150
1125 135
1126 102
1127 111
1128 118
1129 126
1130 105
1131 116
1132 129
1133 98
1134 96
1135 99
1136 110
1137 102
1138 105
1139 136
1140 124
1141 129
1142 141
1143 113
1144 101
1145 130
1146 117
1147 129
1148 135
1149 121
1150 129
1151 149
1152 136
1153 108
1154 142
1155 124
1156 142
1157 123
1158 124
1159 124
1160 127
1161 118
1162 130
1163 128
1164 110
1165 115
1166 104
1167 133
1168 131
1169 133
1170 135
1171 138
1172 136
1173 110
1174 139
1175 124
1176 109
1177 121
1178 122
1179 155
1180 123
1181 113
1182 140
1183 153
1184 129
1185 139
1186 125
1187 132
1188 138
1189 150
1190 155
1191 136
1192 138
1193 153
1194 170
1195 138
1196 132
1197 107
1198 122
1199 105
1200 104
1201 116
1202 130
1203 127
1204 121
1205 141
1206 135
1207 139
1208 137
1209 157
1210 130
1211 128
1212 151
1213 152
1214 163
1215 139
1216 135
1217 157
1218 144
1219 151
1220 168
1221 177
1222 165
1223 163
1224 135
1225 195
1226 173
1227 189
1228 165
1229 175
1230 160
1231 145
1232 131
1233 147
1234 156
1235 166
1236 172
1237 167
1238 161
1239 199
1240 178
1241 148
1242 145
1243 140
1244 149
1245 158
1246 169
1247 144
1248 148
1249 152
1250 140
1251 150
1252 132
1253 125
1254 128
1255 149
1256 138
1257 119
1258 135
1259 128
1260 135
1261 144
1262 140
1263 152
1264 135
1265 128
1266 133
1267 147
1268 148
1269 129
1270 160
1271 142
1272 103
1273 163
1274 141
1275 119
1276 132
1277 110
1278 156
1279 125
1280 114
1281 131
1282 117
1283 109
1284 109
1285 128
1286 142
1287 143
1288 131
1289 135
1290 115
1291 122
1292 120
1293 127
1294 154
1295 147
1296 120
1297 138
1298 134
1299 142
1300 138
1301 135
1302 143
1303 119
1304 133
1305 147
1306 148
1307 111
1308 117
1309 121
1310 114
1311 129
1312 134
1313 132
1314 143
1315 103
1316 149
1317 119
1318 134
1319 115
1320 118
1321 126
1322 123
1323 120
1324 115
1325 120
1326 142
1327 94
1328 137
1329 105
1330 83
1331 109
1332 122
1333 94
1334 107
1335 93
1336 93
1337 111
1338 93
1339 94
1340 98
1341 91
1342 93
1343 125
1344 91
1345 81
1346 111
1347 86
1348 94
1349 102
1350 101
1351 93
1352 97
1353 97
1354 95
1355 83
1356 84
1357 90
1358 101
1359 110
1360 94
1361 93
1362 97
1363 111
1364 90
1365 82
1366 93
1367 69
1368 67
1369 85
1370 95
1371 104
1372 98
1373 77
1374 87
1375 91
1376 89
1377 101
1378 97
1379 110
1380 105
1381 79
1382 87
1383 77
1384 103
1385 93
1386 91
1387 82
1388 89
1389 99
1390 79
1391 100
1392 68
1393 85
1394 69
1395 70
1396 66
1397 85
1398 81
1399 93
1400 88
1401 85
1402 87
1403 89
1404 77
1405 90
1406 85
1407 75
1408 94
1409 81
1410 81
1411 82
1412 76
1413 79
1414 88
1415 82
1416 84
1417 72
1418 59
1419 57
1420 64
1421 87
1422 77
1423 76
1424 73
1425 79
1426 69
1427 61
1428 75
1429 58
1430 72
1431 68
1432 71
1433 84
1434 66
1435 69
1436 83
1437 79
1438 64
1439 88
1440 77
1441 72
1442 56
1443 71
1444 53
1445 68
1446 66
1447 65
1448 49
1449 55
1450 62
1451 61
1452 65
1453 63
1454 50
1455 69
1456 69
1457 68
1458 60
1459 59
1460 66
1461 68
1462 69
1463 78
1464 56
1465 74
1466 77
1467 71
1468 60
1469 49
1470 63
1471 57
1472 85
1473 70
1474 71
1475 70
1476 51
1477 74
1478 78
1479 75
1480 78
1481 72
1482 59
1483 56
1484 70
1485 63
1486 61
1487 59
1488 66
1489 66
1490 67
1491 68
1492 65
1493 51
1494 65
1495 78
1496 63
1497 40
1498 61
1499 64
1500 66
1501 46
1502 71
1503 73
1504 76
1505 66
1506 57
1507 63
1508 58
1509 68
1510 67
1511 54
1512 84
1513 61
1514 71
1515 70
1516 63
1517 75
1518 66
1519 60
1520 69
1521 74
1522 62
1523 71
1524 69
1525 76
1526 68
1527 74
1528 75
1529 71
1530 64
1531 78
1532 59
1533 72
1534 57
1535 49
1536 68
1537 61
1538 61
1539 59
1540 80
1541 55
1542 88
1543 61
1544 74
1545 63
1546 68
1547 59
1548 74
1549 81
1550 65
1551 66
1552 79
1553 81
1554 69
1555 58
1556 72
1557 88
1558 100
1559 95
1560 85
1561 91
1562 79
1563 80
1564 77
1565 79
1566 84
1567 64
1568 80
1569 63
1570 87
1571 67
1572 84
1573 92
1574 73
1575 86
1576 77
1577 84
1578 87
1579 52
1580 69
1581 73
1582 47
1583 60
1584 87
1585 79
1586 72
1587 65
1588 73
1589 71
1590 76
1591 85
1592 77
1593 60
1594 40
1595 74
1596 58
1597 60
1598 59
1599 79
1600 61
1601 63
1602 86
1603 72
1604 68
1605 61
1606 78
1607 57
1608 74
1609 74
1610 71
1611 68
1612 66
1613 63
1614 79
1615 64
1616 71
1617 79
1618 80
1619 52
1620 77
1621 45
1622 73
1623 57
1624 72
1625 47
1626 55
1627 53
1628 63
1629 54
1630 51
1631 59
1632 61
1633 57
1634 65
1635 56
1636 61
1637 50
1638 69
1639 54
1640 73
1641 75
1642 70
1643 65
1644 58
1645 63
1646 72
1647 50
1648 72
1649 61
1650 71
1651 54
1652 43
1653 60
1654 53
1655 59
1656 74
1657 81
1658 69
1659 81
1660 75
1661 79
1662 95
1663 93
1664 86
1665 81
1666 80
1667 68
1668 66
1669 65
1670 82
1671 55
1672 64
1673 77
1674 77
1675 74
1676 57
1677 78
1678 54
1679 84
1680 66
1681 76
1682 49
1683 58
1684 62
1685 65
1686 55
1687 64
1688 51
1689 75
1690 71
1691 57
1692 62
1693 75
1694 52
1695 62
1696 55
1697 64
1698 48
1699 53
1700 62
1701 52
1702 57
1703 45
1704 57
1705 46
1706 54
1707 52
1708 57
1709 48
1710 61
1711 60
1712 52
1713 53
1714 50
1715 53
1716 70
1717 70
1718 65
1719 69
1720 77
1721 82
1722 91
1723 91
1724 94
1725 72
1726 67
1727 97
1728 79
1729 83
1730 77
1731 51
1732 58
1733 75
1734 77
1735 76
1736 92
1737 90
1738 78
1739 76
1740 85
1741 60
1742 73
1743 55
1744 52
1745 67
1746 73
1747 78
1748 91
1749 84
1750 73
1751 105
1752 89
1753 92
1754 95
1755 75
1756 76
1757 82
1758 72
1759 60
1760 68
1761 62
1762 61
1763 63
1764 72
1765 71
1766 74
1767 75
1768 60
1769 52
1770 51
1771 61
1772 64
1773 71
1774 53
1775 50
1776 64
1777 38
1778 39
1779 38
1780 46
1781 55
1782 42
1783 44
1784 55
1785 56
1786 36
1787 49
1788 39
1789 43
1790 53
1791 42
1792 42
1793 66
1794 49
1795 53
1796 46
1797 46
1798 64
1799 46
1800 61
1801 44
1802 32
1803 45
1804 43
1805 34
1806 39
1807 36
1808 40
1809 50
1810 28
1811 43
1812 54
1813 43
1814 50
1815 40
1816 49
1817 30
1818 36
1819 33
1820 53
1821 40
1822 40
1823 34
1824 34
1825 50
1826 45
1827 33
1828 38
1829 38
1830 51
1831 43
1832 30
1833 30
1834 43
1835 35
1836 38
1837 35
1838 28
1839 32
1840 30
1841 39
1842 29
1843 31
1844 34
1845 34
1846 41
1847 28
1848 31
1849 31
1850 36
1851 25
1852 45
1853 35
1854 37
1855 39
1856 32
1857 30
1858 30
1859 28
1860 29
1861 44
1862 54
1863 38
1864 31
1865 41
1866 48
1867 39
1868 37
1869 37
1870 30
1871 34
1872 29
1873 28
1874 32
1875 42
1876 27
1877 35
1878 28
1879 26
1880 41
1881 43
1882 34
1883 38
1884 42
1885 33
1886 25
1887 37
1888 32
1889 37
1890 41
1891 27
1892 39
1893 50
1894 30
1895 46
1896 29
1897 38
1898 32
1899 33
1900 26
1901 35
1902 33
1903 38
1904 40
1905 39
1906 21
1907 27
1908 29
1909 23
1910 34
1911 11
1912 30
1913 30
1914 33
1915 16
1916 41
1917 32
1918 23
1919 27
1920 35
1921 26
1922 33
1923 26
1924 34
1925 33
1926 27
1927 23
1928 26
1929 28
1930 39
1931 36
1932 23
1933 16
1934 25
1935 21
1936 35
1937 32
1938 36
1939 28
1940 33
1941 31
1942 27
1943 31
1944 42
1945 39
1946 26
1947 32
1948 36
1949 42
1950 40
1951 39
1952 37
1953 34
1954 36
1955 13
1956 25
1957 28
1958 40
1959 45
1960 31
1961 16
1962 24
1963 28
1964 23
1965 29
1966 25
1967 33
1968 21
1969 31
1970 26
1971 31
1972 23
1973 24
1974 22
1975 19
1976 31
1977 23
1978 34
1979 25
1980 24
1981 24
1982 24
1983 26
1984 29
1985 24
1986 33
1987 38
1988 27
1989 27
1990 31
1991 32
1992 25
1993 34
1994 33
1995 28
1996 27
1997 17
1998 31
1999 27
2000 37
2001 41
2002 24
2003 27
2004 30
2005 37
2006 27
2007 24
2008 23
2009 38
2010 20
2011 31
2012 28
2013 30
2014 24
2015 31
2016 31
2017 20
2018 32
2019 33
2020 25
2021 30
2022 25
2023 30
2024 39
2025 38
2026 28
2027 26
2028 39
2029 45
2030 41
2031 20
2032 36
2033 29
2034 22
2035 40
2036 30
2037 36
2038 35
2039 37
2040 32
2041 32
2042 40
2043 23
2044 39
2045 34
2046 33
2047 32
2048 23
2049 28
2050 28
2051 20
2052 36
2053 23
2054 25
2055 32
2056 39
2057 22
2058 29
2059 34
2060 37
2061 23
2062 31
2063 23
2064 35
2065 35
2066 24
2067 46
2068 32
2069 31
2070 44
2071 28
2072 33
2073 26
2074 29
2075 51
2076 41
2077 31
2078 25
2079 36
2080 38
2081 43
2082 39
2083 32
2084 34
2085 44
2086 27
2087 36
2088 36
2089 35
2090 30
2091 28
2092 32
2093 30
2094 33
2095 41
2096 30
2097 25
2098 19
2099 34
2100 37
2101 30
2102 31
2103 23
2104 26
2105 32
2106 32
2107 30
2108 37
2109 33
2110 27
2111 30
2112 20
2113 24
2114 29
2115 21
2116 24
2117 24
2118 23
2119 27
2120 19
2121 20
2122 33
2123 37
2124 41
2125 28
2126 39
2127 34
2128 26
2129 36
2130 23
2131 33
2132 32
2133 35
2134 36
2135 21
2136 21
2137 26
2138 23
2139 38
2140 25
2141 29
2142 32
2143 34
2144 18
2145 27
2146 31
2147 18
2148 24
2149 22
2150 30
2151 25
2152 33
2153 31
2154 30
2155 29
2156 35
2157 27
2158 32
2159 29
2160 40
2161 27
2162 19
2163 24
2164 22
2165 33
2166 21
2167 28
2168 20
2169 29
2170 21
2171 27
2172 24
2173 28
2174 26
2175 24
2176 29
2177 31
2178 33
2179 39
2180 35
2181 29
2182 32
2183 32
2184 26
2185 33
2186 25
2187 50
2188 42
2189 30
2190 34
2191 46
2192 45
2193 29
2194 25
2195 30
2196 23
2197 27
2198 36
2199 35
2200 37
2201 35
2202 38
2203 34
2204 16
2205 34
2206 23
2207 20
2208 26
2209 33
2210 25
2211 43
2212 34
2213 34
2214 39
2215 35
2216 45
2217 30
2218 41
2219 23
2220 26
2221 38
2222 45
2223 40
2224 41
2225 43
2226 60
2227 45
2228 44
2229 42
2230 48
2231 45
2232 56
2233 56
2234 42
2235 52
2236 49
2237 43
2238 53
2239 47
2240 29
2241 57
2242 57
2243 56
2244 42
2245 65
2246 74
2247 47
2248 55
2249 71
2250 60
2251 61
2252 50
2253 54
2254 81
2255 76
2256 72
2257 79
2258 56
2259 56
2260 72
2261 86
2262 101
2263 87
2264 83
2265 67
2266 66
2267 65
2268 68
2269 79
2270 68
2271 66
2272 66
2273 52
2274 61
2275 60
2276 70
2277 47
2278 82
2279 64
2280 69
2281 57
2282 51
2283 50
2284 37
2285 39
2286 46
2287 43
2288 43
2289 46
2290 55
2291 36
2292 38
2293 24
2294 36
2295 35
2296 51
2297 51
2298 47
2299 40
2300 38
2301 37
2302 37
2303 35
2304 35
2305 28
2306 23
2307 29
2308 38
2309 25
2310 17
2311 38
2312 35
2313 37
2314 21
2315 30
2316 27
2317 18
2318 23
2319 13
2320 25
2321 23
2322 21
2323 18
2324 18
2325 11
2326 25
2327 30
2328 23
2329 20
2330 19
2331 26
2332 25
2333 25
2334 23
2335 25
2336 20
2337 23
2338 13
2339 24
2340 26
2341 19
2342 21
2343 9
2344 18
2345 16
2346 17
2347 19
2348 18
2349 19
2350 25
2351 19
2352 20
2353 19
2354 23
2355 24
2356 21
2357 17
2358 8
2359 21
2360 19
2361 28
2362 20
2363 25
2364 21
2365 18
2366 15
2367 10
2368 16
2369 20
2370 24
2371 20
2372 24
2373 17
2374 25
2375 25
2376 11
2377 23
2378 18
2379 22
2380 12
2381 12
2382 21
2383 13
2384 12
2385 19
2386 16
2387 17
2388 19
2389 24
2390 25
2391 18
2392 21
2393 11
2394 16
2395 23
2396 20
2397 22
2398 15
2399 21
2400 18
2401 22
2402 19
2403 11
2404 16
2405 21
2406 17
2407 16
2408 13
2409 17
2410 12
2411 12
2412 8
2413 12
2414 13
2415 19
2416 14
2417 13
2418 12
2419 15
2420 10
2421 19
2422 17
2423 6
2424 15
2425 13
2426 21
2427 19
2428 18
2429 20
2430 12
2431 21
2432 18
2433 19
2434 13
2435 24
2436 16
2437 21
2438 21
2439 17
2440 17
2441 20
2442 24
2443 16
2444 14
2445 8
2446 15
2447 11
2448 17
2449 17
2450 14
2451 19
2452 14
2453 9
2454 18
2455 13
2456 12
2457 11
2458 21
2459 7
2460 8
2461 13
2462 15
2463 12
2464 14
2465 14
2466 17
2467 22
2468 20
2469 21
2470 14
2471 10
2472 21
2473 14
2474 12
2475 18
2476 12
2477 18
2478 15
2479 23
2480 19
2481 18
2482 15
2483 13
2484 13
2485 14
2486 17
2487 13
2488 17
2489 17
2490 11
2491 18
2492 13
2493 11
2494 12
2495 7
2496 12
2497 10
2498 13
2499 11
2500 15
2501 16
2502 9
2503 16
2504 22
2505 19
2506 5
2507 7
2508 7
2509 16
2510 10
2511 15
2512 23
2513 9
2514 16
2515 10
2516 19
2517 20
2518 13
2519 8
2520 9
2521 18
2522 17
2523 22
2524 19
2525 15
2526 18
2527 14
2528 22
2529 8
2530 19
2531 11
2532 13
2533 19
2534 15
2535 17
2536 17
2537 14
2538 12
2539 15
2540 21
2541 18
2542 18
2543 18
2544 20
2545 13
2546 18
2547 17
2548 12
2549 17
2550 26
2551 18
2552 10
2553 13
2554 17
2555 19
2556 24
2557 15
2558 14
2559 21
2560 19
2561 16
2562 15
2563 20
2564 20
2565 13
2566 14
2567 18
2568 16
2569 15
2570 23
2571 21
2572 10
2573 25
2574 21
2575 20
2576 18
2577 20
2578 30
2579 24
2580 26
2581 17
2582 18
2583 11
2584 13
2585 17
2586 17
2587 31
2588 30
2589 18
2590 15
2591 15
2592 17
2593 23
2594 19
2595 15
2596 17
2597 14
2598 21
2599 14
2600 21
2601 16
2602 15
2603 24
2604 15
2605 15
2606 18
2607 18
2608 12
2609 27
2610 20
2611 21
2612 17
2613 20
2614 13
2615 18
2616 16
2617 17
2618 22
2619 28
2620 33
2621 25
2622 21
2623 19
2624 21
2625 15
2626 15
2627 22
2628 21
2629 17
2630 21
2631 12
2632 17
2633 19
2634 16
2635 15
2636 20
2637 13
2638 11
2639 10
2640 16
2641 17
2642 21
2643 26
2644 21
2645 24
2646 15
2647 17
2648 17
2649 21
2650 13
2651 21
2652 21
2653 23
2654 20
2655 21
2656 18
2657 14
2658 11
2659 16
2660 7
2661 17
2662 12
2663 12
2664 20
2665 13
2666 19
2667 20
2668 22
2669 17
2670 17
2671 19
2672 17
2673 15
2674 12
2675 12
2676 17
2677 15
2678 18
2679 16
2680 24
2681 17
2682 10
2683 10
2684 16
2685 17
2686 15
2687 11
2688 20
2689 24
2690 20
2691 21
2692 23
2693 17
2694 19
2695 26
2696 23
2697 25
2698 25
2699 28
2700 12
2701 17
2702 17
2703 21
2704 11
2705 16
2706 10
2707 19
2708 20
2709 20
2710 20
2711 17
2712 19
2713 12
2714 12
2715 14
2716 14
2717 10
2718 15
2719 21
2720 18
2721 19
2722 14
2723 12
2724 19
2725 16
2726 25
2727 10
2728 12
2729 19
2730 16
2731 10
2732 10
2733 9
2734 17
2735 13
2736 19
2737 24
2738 22
2739 12
2740 9
2741 17
2742 12
2743 10
2744 9
2745 12
2746 14
2747 14
2748 14
2749 11
2750 12
2751 10
2752 15
2753 17
2754 12
2755 14
2756 15
2757 15
2758 15
2759 13
2760 11
2761 12
2762 11
2763 13
2764 23
2765 15
2766 9
2767 8
2768 11
2769 15
2770 22
2771 17
2772 11
2773 6
2774 12
2775 17
2776 13
2777 17
2778 19
2779 30
2780 17
2781 20
2782 14
2783 23
2784 23
2785 13
2786 9
2787 8
2788 15
2789 15
2790 13
2791 22
2792 18
2793 10
2794 16
2795 15
2796 17
2797 11
2798 14
2799 17
2800 19
2801 10
2802 8
2803 16
2804 14
2805 15
2806 14
2807 6
2808 16
2809 11
2810 3
2811 11
2812 19
2813 14
2814 12
2815 11
2816 19
2817 12
2818 14
2819 8
2820 12
2821 10
2822 11
2823 10
2824 6
2825 7
2826 5
2827 10
2828 11
2829 11
2830 5
2831 9
2832 8
2833 7
2834 10
2835 5
2836 12
2837 10
2838 14
2839 8
2840 14
2841 12
2842 8
2843 14
2844 13
2845 17
2846 11
2847 12
2848 13
2849 17
2850 11
2851 14
2852 5
2853 11
2854 10
2855 6
2856 14
2857 11
2858 11
2859 8
2860 9
2861 15
2862 15
2863 15
2864 13
2865 11
2866 13
2867 8
2868 12
2869 8
2870 7
2871 11
2872 9
2873 15
2874 12
2875 9
2876 10
2877 5
2878 6
2879 3
2880 13
2881 14
2882 9
2883 13
2884 15
2885 10
2886 11
2887 14
2888 12
2889 10
2890 9
2891 6
2892 8
2893 7
2894 5
2895 8
2896 10
2897 7
2898 9
2899 4
2900 10
2901 10
2902 3
2903 7
2904 12
2905 9
2906 13
2907 5
2908 6
2909 9
2910 9
2911 10
2912 9
2913 14
2914 6
2915 10
2916 11
2917 12
2918 7
2919 9
2920 11
2921 13
2922 15
2923 11
2924 7
2925 11
2926 9
2927 14
2928 20
2929 20
2930 14
2931 16
2932 15
2933 14
2934 12
2935 9
2936 7
2937 16
2938 13
2939 20
2940 10
2941 9
2942 5
2943 8
2944 12
2945 6
2946 8
2947 4
2948 4
2949 11
2950 12
2951 6
2952 7
2953 4
2954 13
2955 15
2956 11
2957 14
2958 14
2959 8
2960 6
2961 7
2962 6
2963 8
2964 14
2965 10
2966 3
2967 10
2968 5
2969 8
2970 6
2971 11
2972 5
2973 9
2974 7
2975 6
2976 7
2977 10
2978 11
2979 20
2980 8
2981 8
2982 12
2983 4
2984 14
2985 11
2986 4
2987 9
2988 11
2989 8
2990 8
2991 8
2992 10
2993 8
2994 9
2995 8
2996 12
2997 11
2998 7
2999 13
3000 7
3001 8
3002 12
3003 10
3004 9
3005 10
3006 13
3007 18
3008 21
3009 16
3010 7
3011 6
3012 8
3013 8
3014 9
3015 10
3016 5
3017 15
3018 3
3019 15
3020 7
3021 12
3022 9
3023 11
3024 6
3025 5
3026 4
3027 7
3028 9
3029 12
3030 2
3031 3
3032 12
3033 14
3034 8
3035 9
3036 9
3037 11
3038 5
3039 10
3040 6
3041 11
3042 8
3043 10
3044 15
3045 6
3046 13
3047 4
3048 14
3049 18
3050 7
3051 9
3052 11
3053 9
3054 9
3055 9
3056 12
3057 11
3058 19
3059 10
3060 8
3061 12
3062 11
3063 11
3064 13
3065 9
3066 6
3067 10
3068 9
3069 6
3070 17
3071 7
3072 12
3073 14
3074 15
3075 14
3076 5
3077 15
3078 9
3079 10
3080 9
3081 15
3082 5
3083 9
3084 16
3085 12
3086 17
3087 14
3088 9
3089 17
3090 17
3091 16
3092 15
3093 14
3094 10
3095 12
3096 8
3097 6
3098 7
3099 9
3100 5
3101 11
3102 10
3103 12
3104 9
3105 5
3106 8
3107 11
3108 11
3109 13
3110 13
3111 6
3112 7
3113 5
3114 4
3115 9
3116 9
3117 12
3118 9
3119 6
3120 6
3121 8
3122 9
3123 13
3124 5
3125 6
3126 10
3127 12
3128 9
3129 10
3130 15
3131 12
3132 17
3133 17
3134 12
3135 14
3136 9
3137 10
3138 6
3139 6
3140 8
3141 6
3142 12
3143 11
3144 12
3145 10
3146 12
3147 11
3148 7
3149 10
3150 5
3151 11
3152 11
3153 11
3154 17
3155 13
3156 12
3157 8
3158 4
3159 8
3160 13
3161 12
3162 8
3163 8
3164 13
3165 13
3166 10
3167 12
3168 7
3169 9
3170 14
3171 11
3172 7
3173 10
3174 11
3175 9
3176 7
3177 8
3178 15
3179 6
3180 8
3181 7
3182 15
3183 9
3184 11
3185 18
3186 6
3187 15
3188 14
3189 13
3190 10
3191 7
3192 16
3193 13
3194 11
3195 11
3196 10
3197 11
3198 16
3199 10
3200 6
3201 13
3202 7
3203 22
3204 17
3205 17
3206 10
3207 22
3208 13
3209 15
3210 4
3211 7
3212 7
3213 15
3214 14
3215 13
3216 11
3217 10
3218 12
3219 7
3220 14
3221 10
3222 9
3223 8
3224 14
3225 9
3226 16
3227 14
3228 15
3229 8
3230 14
3231 13
3232 15
3233 11
3234 11
3235 15
3236 12
3237 16
3238 12
3239 17
3240 18
3241 12
3242 22
3243 11
3244 15
3245 14
3246 16
3247 13
3248 10
3249 8
3250 9
3251 10
3252 8
3253 16
3254 16
3255 15
3256 18
3257 12
3258 24
3259 7
3260 14
3261 14
3262 15
3263 15
3264 18
3265 10
3266 11
3267 17
3268 8
3269 12
3270 8
3271 6
3272 14
3273 14
3274 11
3275 10
3276 21
3277 7
3278 13
3279 12
3280 9
3281 7
3282 3
3283 10
3284 11
3285 16
3286 8
3287 9
3288 8
3289 10
3290 10
3291 9
3292 8
3293 17
3294 6
3295 9
3296 4
3297 13
3298 19
3299 12
3300 15
3301 17
3302 12
3303 14
3304 15
3305 18
3306 11
3307 15
3308 17
3309 13
3310 9
3311 11
3312 6
3313 10
3314 13
3315 10
3316 7
3317 14
3318 12
3319 12
3320 15
3321 11
3322 13
3323 11
3324 12
3325 11
3326 16
3327 8
3328 14
3329 10
3330 11
3331 8
3332 16
3333 9
3334 11
3335 11
3336 12
3337 5
3338 11
3339 2
3340 6
3341 10
3342 15
3343 10
3344 3
3345 10
3346 7
3347 9
3348 11
3349 11
3350 8
3351 8
3352 12
3353 6
3354 6
3355 7
3356 5
3357 7
3358 13
3359 7
3360 14
3361 15
3362 10
3363 7
3364 10
3365 12
3366 6
3367 12
3368 10
3369 13
3370 10
3371 12
3372 11
3373 14
3374 12
3375 8
3376 13
3377 6
3378 12
3379 6
3380 15
3381 9
3382 12
3383 6
3384 6
3385 4
3386 12
3387 8
3388 14
3389 13
3390 5
3391 9
3392 13
3393 11
3394 6
3395 14
3396 13
3397 9
3398 13
3399 9
3400 8
3401 12
3402 18
3403 3
3404 15
3405 10
3406 5
3407 11
3408 4
3409 8
3410 8
3411 8
3412 6
3413 8
3414 11
3415 7
3416 5
3417 11
3418 13
3419 13
3420 13
3421 9
3422 12
3423 15
3424 16
3425 7
3426 8
3427 17
3428 10
3429 9
3430 7
3431 9
3432 10
3433 7
3434 8
3435 7
3436 13
3437 16
3438 11
3439 13
3440 14
3441 7
3442 7
3443 11
3444 7
3445 9
3446 12
3447 8
3448 11
3449 10
3450 8
3451 5
3452 8
3453 4
3454 7
3455 4
3456 8
3457 6
3458 4
3459 10
3460 13
3461 11
3462 10
3463 5
3464 13
3465 7
3466 8
3467 14
3468 6
3469 13
3470 11
3471 14
3472 9
3473 15
3474 11
3475 2
3476 7
3477 10
3478 8
3479 5
3480 1
3481 8
3482 10
3483 7
3484 13
3485 14
3486 13
3487 5
3488 12
3489 9
3490 10
3491 16
3492 10
3493 11
3494 8
3495 13
3496 13
3497 11
3498 11
3499 8
3500 14
3501 13
3502 6
3503 5
3504 9
3505 8
3506 15
3507 10
3508 11
3509 16
3510 8
3511 14
3512 11
3513 7
3514 10
3515 15
3516 11
3517 11
3518 15
3519 14
3520 19
3521 10
3522 7
3523 16
3524 20
3525 14
3526 15
3527 18
3528 18
3529 10
3530 15
3531 9
3532 18
3533 13
3534 12
3535 17
3536 10
3537 17
3538 15
3539 11
3540 6
3541 15
3542 11
3543 24
3544 12
3545 9
3546 18
3547 24
3548 12
3549 13
3550 13
3551 7
3552 11
3553 12
3554 11
3555 10
3556 13
3557 9
3558 14
3559 13
3560 6
3561 11
3562 9
3563 9
3564 7
3565 11
3566 12
3567 4
3568 15
3569 16
3570 12
3571 13
3572 12
3573 16
3574 13
3575 11
3576 16
3577 9
3578 10
3579 9
3580 17
3581 15
3582 18
3583 13
3584 10
3585 14
3586 10
3587 18
3588 25
3589 17
3590 25
3591 13
3592 17
3593 21
3594 16
3595 13
3596 18
3597 10
3598 17
3599 14
3600 18
3601 13
3602 9
3603 13
3604 17
3605 8
3606 11
3607 7
3608 7
3609 9
3610 9
3611 16
3612 11
3613 5
3614 5
3615 13
3616 5
3617 8
3618 7
3619 12
3620 9
3621 7
3622 9
3623 14
3624 8
3625 5
3626 8
3627 10
3628 17
3629 10
3630 14
3631 14
3632 13
3633 13
3634 9
3635 10
3636 11
3637 9
3638 8
3639 8
3640 7
3641 9
3642 12
3643 6
3644 6
3645 9
3646 9
3647 10
3648 8
3649 2
3650 10
3651 3
3652 9
3653 8
3654 8
3655 14
3656 11
3657 9
3658 8
3659 17
3660 13
3661 9
3662 9
3663 13
3664 13
3665 13
3666 6
3667 5
3668 11
3669 6
3670 6
3671 8
3672 7
3673 10
3674 8
3675 8
3676 11
3677 17
3678 10
3679 7
3680 13
3681 8
3682 9
3683 5
3684 13
3685 6
3686 10
3687 5
3688 4
3689 3
3690 12
3691 7
3692 9
3693 8
3694 11
3695 9
3696 6
3697 6
3698 9
3699 12
3700 6
3701 4
3702 16
3703 3
3704 4
3705 9
3706 11
3707 14
3708 10
3709 9
3710 15
3711 8
3712 11
3713 6
3714 10
3715 11
3716 10
3717 7
3718 10
3719 8
3720 5
3721 8
3722 7
3723 15
3724 11
3725 11
3726 7
3727 6
3728 11
3729 13
3730 9
3731 17
3732 11
3733 7
3734 12
3735 11
3736 17
3737 13
3738 14
3739 16
3740 7
3741 10
3742 12
3743 14
3744 18
3745 20
3746 15
3747 14
3748 10
3749 9
3750 6
3751 7
3752 8
3753 11
3754 11
3755 17
3756 8
3757 8
3758 9
3759 15
3760 4
3761 12
3762 10
3763 8
3764 15
3765 15
3766 8
3767 9
3768 8
3769 8
3770 11
3771 10
3772 11
3773 17
3774 12
3775 9
3776 7
3777 15
3778 6
3779 16
3780 16
3781 12
3782 13
3783 13
3784 14
3785 18
3786 18
3787 16
3788 9
3789 14
3790 13
3791 14
3792 6
3793 13
3794 8
3795 7
3796 11
3797 11
3798 9
3799 6
3800 9
3801 8
3802 4
3803 14
3804 15
3805 13
3806 11
3807 11
3808 21
3809 10
3810 13
3811 11
3812 13
3813 7
3814 21
3815 12
3816 14
3817 17
3818 11
3819 10
3820 14
3821 10
3822 8
3823 10
3824 11
3825 10
3826 8
3827 15
3828 8
3829 15
3830 11
3831 9
3832 16
3833 19
3834 18
3835 16
3836 19
3837 14
3838 8
3839 10
3840 16
3841 23
3842 11
3843 19
3844 12
3845 17
3846 9
3847 12
3848 10
3849 21
3850 19
3851 14
3852 11
3853 11
3854 21
3855 12
3856 10
3857 14
3858 13
3859 15
3860 18
3861 19
3862 19
3863 11
3864 11
3865 12
3866 12
3867 22
3868 13
3869 9
3870 12
3871 20
3872 13
3873 14
3874 14
3875 16
3876 10
3877 11
3878 15
3879 13
3880 11
3881 14
3882 14
3883 17
3884 12
3885 21
3886 12
3887 12
3888 14
3889 20
3890 25
3891 6
3892 8
3893 12
3894 17
3895 16
3896 15
3897 20
3898 15
3899 20
3900 7
3901 16
3902 13
3903 15
3904 20
3905 11
3906 16
3907 8
3908 13
3909 19
3910 18
3911 10
3912 24
3913 17
3914 9
3915 16
3916 13
3917 13
3918 15
3919 23
3920 17
3921 23
3922 22
3923 22
3924 7
3925 25
3926 23
3927 15
3928 15
3929 17
3930 17
3931 22
3932 34
3933 27
3934 25
3935 26
3936 16
3937 28
3938 18
3939 15
3940 18
3941 16
3942 21
3943 22
3944 14
3945 24
3946 16
3947 17
3948 17
3949 14
3950 26
3951 20
3952 23
3953 20
3954 13
3955 25
3956 19
3957 19
3958 8
3959 9
3960 11
3961 21
3962 21
3963 10
3964 25
3965 15
3966 10
3967 16
3968 16
3969 16
3970 24
3971 20
3972 27
3973 17
3974 21
3975 16
3976 17
3977 22
3978 9
3979 16
3980 17
3981 17
3982 16
3983 13
3984 21
3985 12
3986 14
3987 18
3988 15
3989 21
3990 28
3991 25
3992 21
3993 19
3994 11
3995 18
3996 19
3997 13
3998 22
3999 24
4000 15
4001 14
4002 18
4003 13
4004 18
4005 19
4006 17
4007 5
4008 8
4009 14
4010 15
4011 10
4012 9
4013 18
4014 16
4015 16
4016 14
4017 14
4018 10
4019 17
4020 14
4021 13
4022 10
4023 17
4024 18
4025 14
4026 20
4027 8
4028 13
4029 15
4030 7
4031 14
4032 19
4033 14
4034 18
4035 11
4036 12
4037 21
4038 9
4039 15
4040 16
4041 11
4042 11
4043 18
4044 4
4045 16
4046 18
4047 18
4048 11
4049 20
4050 16
4051 13
4052 8
4053 10
4054 17
4055 10
4056 10
4057 16
4058 15
4059 18
4060 19
4061 15
4062 14
4063 12
4064 19
4065 15
4066 18
4067 12
4068 12
4069 10
4070 15
4071 18
4072 24
4073 19
4074 18
4075 17
4076 12
4077 23
4078 19
4079 19
4080 17
4081 21
4082 13
4083 16
4084 15
4085 17
4086 23
4087 20
4088 17
4089 13
4090 16
4091 16
4092 21
4093 14
4094 18
4095 13
4096 11
4097 18
4098 15
4099 14
4100 20
4101 15
4102 16
4103 11
4104 16
4105 18
4106 11
4107 10
4108 15
4109 11
4110 22
4111 11
4112 18
4113 11
4114 14
4115 11
4116 14
4117 7
4118 13
4119 12
4120 10
4121 6
4122 8
4123 12
4124 8
4125 10
4126 17
4127 20
4128 10
4129 9
4130 12
4131 11
4132 13
4133 17
4134 17
4135 11
4136 13
4137 17
4138 13
4139 18
4140 14
4141 10
4142 10
4143 11
4144 13
4145 9
4146 13
4147 9
4148 9
4149 9
4150 13
4151 20
4152 16
4153 12
4154 15
4155 10
4156 16
4157 17
4158 16
4159 16
4160 14
4161 10
4162 18
4163 9
4164 12
4165 8
4166 12
4167 14
4168 14
4169 8
4170 17
4171 9
4172 24
4173 10
4174 14
4175 11
4176 9
4177 9
4178 16
4179 14
4180 14
4181 13
4182 24
4183 12
4184 12
4185 10
4186 11
4187 12
4188 10
4189 11
4190 15
4191 10
4192 16
4193 10
4194 10
4195 18
4196 15
4197 9
4198 11
4199 17
4200 13
4201 22
4202 6
4203 16
4204 11
4205 9
4206 14
4207 12
4208 15
4209 10
4210 9
4211 8
4212 8
4213 17
4214 10
4215 16
4216 16
4217 13
4218 6
4219 18
4220 11
4221 9
4222 16
4223 8
4224 6
4225 14
4226 8
4227 12
4228 11
4229 12
4230 8
4231 13
4232 6
4233 13
4234 9
4235 8
4236 15
4237 11
4238 11
4239 10
4240 14
4241 13
4242 9
4243 13
4244 9
4245 14
4246 13
4247 11
4248 15
4249 16
4250 12
4251 17
4252 15
4253 11
4254 14
4255 11
4256 16
4257 10
4258 13
4259 13
4260 17
4261 16
4262 14
4263 13
4264 14
4265 16
4266 11
4267 7
4268 9
4269 11
4270 10
4271 14
4272 21
4273 7
4274 16
4275 11
4276 13
4277 9
4278 12
4279 12
4280 11
4281 14
4282 17
4283 12
4284 15
4285 7
4286 5
4287 13
4288 10
4289 12
4290 15
4291 10
4292 15
4293 17
4294 11
4295 19
4296 18
4297 16
4298 24
4299 15
4300 12
4301 14
4302 14
4303 12
4304 11
4305 16
4306 11
4307 13
4308 16
4309 11
4310 10
4311 15
4312 13
4313 13
4314 14
4315 12
4316 15
4317 14
4318 14
4319 11
4320 23
4321 14
4322 24
4323 9
4324 15
4325 16
4326 16
4327 9
4328 18
4329 23
4330 19
4331 13
4332 24
4333 14
4334 22
4335 18
4336 22
4337 23
4338 6
4339 15
4340 8
4341 14
4342 15
4343 16
4344 9
4345 11
4346 11
4347 10
4348 13
4349 12
4350 19
4351 12
4352 14
4353 7
4354 10
4355 7
4356 15
4357 14
4358 6
4359 7
4360 14
4361 15
4362 15
4363 10
4364 12
4365 22
4366 10
4367 14
4368 17
4369 18
4370 13
4371 11
4372 20
4373 15
4374 12
4375 14
4376 18
4377 10
4378 18
4379 18
4380 18
4381 14
4382 8
4383 13
4384 13
4385 10
4386 10
4387 10
4388 18
4389 19
4390 10
4391 11
4392 15
4393 12
4394 10
4395 7
4396 12
4397 8
4398 11
4399 14
4400 10
4401 15
4402 14
4403 22
4404 14
4405 8
4406 17
4407 11
4408 10
4409 5
4410 10
4411 10
4412 14
4413 14
4414 12
4415 13
4416 7
4417 15
4418 12
4419 15
4420 12
4421 17
4422 8
4423 12
4424 6
4425 13
4426 11
4427 9
4428 11
4429 11
4430 9
4431 7
4432 9
4433 8
4434 8
4435 9
4436 8
4437 10
4438 6
4439 14
4440 18
4441 11
4442 8
4443 10
4444 18
4445 9
4446 10
4447 8
4448 16
4449 6
4450 12
4451 2
4452 16
4453 12
4454 13
4455 11
4456 12
4457 10
4458 13
4459 12
4460 9
4461 5
4462 6
4463 8
4464 9
4465 7
4466 7
4467 10
4468 6
4469 7
4470 12
4471 9
4472 9
4473 7
4474 5
4475 13
4476 12
4477 9
4478 5
4479 11
4480 11
4481 6
4482 3
4483 7
4484 12
4485 9
4486 10
4487 7
4488 3
4489 9
4490 10
4491 11
4492 6
4493 8
4494 16
4495 5
4496 11
4497 10
4498 9
4499 9
4500 6
4501 11
4502 7
4503 8
4504 8
4505 7
4506 3
4507 10
4508 4
4509 7
4510 11
4511 7
4512 7
4513 10
4514 2
4515 9
4516 7
4517 13
4518 11
4519 7
4520 5
4521 1
4522 5
4523 13
4524 12
4525 12
4526 4
4527 5
4528 2
4529 3
4530 6
4531 1
4532 2
4533 8
4534 2
4535 7
4536 9
4537 5
4538 6
4539 4
4541 5
4542 5
4543 8
4544 9
4545 13
4546 6
4547 4
4548 8
4549 7
4550 10
4551 8
4552 3
4553 4
4554 14
4555 8
4556 9
4557 13
4558 13
4559 10
4560 8
4561 8
4562 10
4563 9
4564 7
4565 5
4566 7
4567 5
4568 4
4569 4
4570 7
4571 2
4572 2
4573 4
4574 10
4575 4
4576 2
4577 5
4578 7
4579 3
4580 8
4581 4
4582 4
4583 7
4584 8
4585 6
4586 9
4587 9
4588 13
4589 14
4590 11
4591 8
4592 3
4593 5
4594 11
4595 8
4596 7
4597 6
4598 8
4599 18
4600 8
4601 10
4602 16
4603 8
4604 5
4605 8
4606 4
4607 5
4608 7
4609 6
4610 12
4611 13
4612 4
4613 6
4614 10
4615 6
4616 5
4617 12
4618 6
4619 9
4620 13
4621 10
4622 10
4623 3
4624 4
4625 9
4626 13
4627 7
4628 10
4629 6
4630 5
4631 13
4632 4
4633 4
4634 10
4635 12
4636 10
4637 7
4638 12
4639 9
4640 13
4641 13
4642 11
4643 15
4644 10
4645 10
4646 7
4647 22
4648 13
4649 7
4650 7
4651 12
4652 11
4653 9
4654 9
4655 7
4656 11
4657 7
4658 7
4659 5
4660 7
4661 5
4662 8
4663 11
4664 11
4665 10
4666 9
4667 13
4668 9
4669 19
4670 13
4671 13
4672 5
4673 20
4674 11
4675 15
4676 15
4677 14
4678 15
4679 17
4680 11
4681 18
4682 16
4683 23
4684 19
4685 23
4686 15
4687 29
4688 21
4689 18
4690 17
4691 15
4692 15
4693 16
4694 16
4695 9
4696 7
4697 15
4698 12
4699 16
4700 19
4701 22
4702 25
4703 20
4704 23
4705 23
4706 26
4707 23
4708 27
4709 26
4710 10
4711 13
4712 20
4713 20
4714 24
4715 32
4716 24
4717 30
4718 14
4719 26
4720 23
4721 28
4722 31
4723 29
4724 43
4725 26
4726 21
4727 30
4728 21
4729 22
4730 27
4731 22
4732 20
4733 30
4734 33
4735 27
4736 25
4737 19
4738 23
4739 24
4740 30
4741 38
4742 28
4743 22
4744 7
4745 23
4746 25
4747 28
4748 21
4749 25
4750 41
4751 29
4752 41
4753 26
4754 40
4755 34
4756 43
4757 44
4758 41
4759 37
4760 37
4761 33
4762 37
4763 28
4764 39
4765 40
4766 32
4767 30
4768 26
4769 25
4770 33
4771 43
4772 27
4773 35
4774 36
4775 45
4776 45
4777 28
4778 31
4779 28
4780 39
4781 29
4782 24
4783 25
4784 22
4785 25
4786 38
4787 29
4788 34
4789 37
4790 33
4791 44
4792 33
4793 50
4794 44
4795 38
4796 38
4797 37
4798 37
4799 28
4800 29
4801 29
4802 33
4803 33
4804 31
4805 34
4806 35
4807 38
4808 34
4809 36
4810 26
4811 37
4812 26
4813 44
4814 43
4815 50
4816 41
4817 36
4818 32
4819 35
4820 43
4821 40
4822 36
4823 33
4824 25
4825 30
4826 32
4827 25
4828 28
4829 30
4830 33
4831 27
4832 35
4833 40
4834 38
4835 36
4836 36
4837 26
4838 24
4839 30
4840 32
4841 38
4842 30
4843 30
4844 28
4845 43
4846 35
4847 43
4848 42
4849 43
4850 27
4851 32
4852 34
4853 33
4854 30
4855 34
4856 33
4857 40
4858 33
4859 31
4860 21
4861 22
4862 29
4863 28
4864 30
4865 22
4866 21
4867 20
4868 31
4869 21
4870 24
4871 29
4872 19
4873 20
4874 23
4875 35
4876 30
4877 22
4878 27
4879 21
4880 20
4881 32
4882 25
4883 21
4884 23
4885 25
4886 25
4887 27
4888 36
4889 21
4890 33
4891 38
4892 18
4893 24
4894 20
4895 12
4896 18
4897 24
4898 17
4899 29
4900 23
4901 22
4902 27
4903 25
4904 31
4905 20
4906 25
4907 24
4908 25
4909 31
4910 24
4911 23
4912 39
4913 31
4914 25
4915 26
4916 26
4917 22
4918 12
4919 21
4920 17
4921 21
4922 23
4923 17
4924 12
4925 19
4926 23
4927 24
4928 23
4929 24
4930 25
4931 16
4932 15
4933 12
4934 20
4935 15
4936 14
4937 15
4938 16
4939 12
4940 21
4941 23
4942 28
4943 28
4944 20
4945 13
4946 18
4947 11
4948 9
4949 12
4950 13
4951 6
4952 3
4953 8
4954 6
4955 6
4956 10
4957 8
4958 6
4959 4
4960 7
4961 7
4962 4
4963 10
4964 9
4965 9
4966 9
4967 4
4968 4
4969 7
4970 4
4971 5
4972 8
4973 5
4974 4
4975 3
4976 6
4977 4
4978 7
4979 6
4980 5
4981 8
4982 7
4983 6
4984 2
4985 3
4986 8
4987 3
4988 4
4990 3
4991 2
4992 4
4993 2
4994 4
4995 7
4996 5
4997 4
4998 6
4999 3
5000 8
5001 3
5002 2
5003 5
5004 6
5005 5
5006 3
5007 5
5008 3
5009 5
5010 4
5011 5
5012 8
5013 6
5014 4
5015 5
5016 4
5017 2
5018 1
5019 3
5020 2
5021 5
5022 9
5023 6
5024 4
5025 3
5026 2
5027 3
5028 2
5029 1
5030 2
5031 1
5032 2
5033 2
5036 1
5037 3
5038 2
5039 1
5040 1
5041 1
5042 3
5043 2
5044 1
5045 1
5046 3
5047 5
5048 2
5049 4
5050 2
5052 1
5053 4
5054 1
5055 2
5056 3
5057 2
5058 1
5059 1
5060 2
5061 4
5062 1
5063 3
5066 1
5067 1
5071 1
5072 1
5073 1
5074 3
5076 3
5077 2
5078 1
5079 2
5080 3
5081 2
5082 5
5083 2
5084 3
5085 2
5087 4
5088 2
5089 3
5090 3
5092 1
5093 3
5094 5
5095 2
5096 3
5097 1
5099 3
5100 2
5101 4
5102 2
5103 2
5104 2
5105 3
5106 1
5107 1
5109 1
5110 3
5111 1
5112 1
5115 1
5116 2
5118 2
5120 4
5122 2
5123 2
5126 1
5129 2
5130 2
5131 4
5132 1
5133 5
5134 2
5135 1
5136 3
5137 1
5138 3
5139 2
5140 1
5141 3
5142 1
5143 1
5144 2
5145 1
5146 1
5147 3
5148 1
5151 1
5152 1
5153 1
5156 1
5164 1
5166 1
5167 2
5169 1
5171 2
5174 2
5175 2
5176 1
5177 1
5178 2
5180 1
5187 1
5188 1
5189 1
5193 2
5194 1
5195 1
5196 1
5198 1
5200 1
5201 4
5205 2
5209 1
5210 1
5212 2
5213 2
5214 1
5215 1
5216 1
5217 2
5218 1
5220 1
5225 1
5227 2
5228 2
5230 2
5233 2
5237 2
5238 1
5239 1
5240 2
5241 2
5244 1
5246 1
5247 2
5249 2
5250 1
5253 2
5254 1
5257 1
5259 1
5261 1
5263 1
5265 2
5272 1
5273 1
5274 2
5277 1
5278 3
5281 2
5282 4
5283 1
5284 2
5285 1
5286 1
5287 1
5288 1
5289 1
5290 1
5291 2
5294 1
5295 1
5296 3
5297 3
5300 1
5302 1
5303 1
5306 4
5307 2
5309 3
5312 1
5313 1
5314 1
5316 3
5318 1
5319 4
5320 2
5321 3
5322 2
5324 2
5325 1
5326 1
5327 2
5328 2
5329 5
5331 2
5333 2
5334 1
5336 1
5337 2
5339 2
5340 1
5341 1
5342 1
5344 1
5348 1
5349 2
5354 1
5355 1
5358 2
5360 1
5364 4
5365 2
5366 2
5367 1
5368 1
5372 2
5374 1
5376 1
5377 1
5378 3
5379 1
5380 1
5382 5
5383 1
5385 1
5387 1
5388 1
5389 1
5391 1
5392 2
5393 3
5395 3
5398 1
5400 1
5403 1
5404 3
5406 1
5407 1
5408 5
5409 1
5410 1
5411 2
5412 2
5413 1
5415 1
5416 1
5417 1
5421 1
5422 1
5424 1
5426 1
5429 2
5433 1
5435 1
5436 1
5438 1
5440 1
5441 1
5444 1
5447 2
5449 1
5450 1
5451 1
5452 3
5453 2
5454 1
5457 1
5459 1
5460 2
5461 1
5463 2
5465 1
5466 1
5467 1
5468 1
5471 1
5472 2
5473 1
5474 1
5476 3
5478 1
5479 1
5480 1
5481 2
5482 1
5483 4
5484 1
5485 5
5486 3
5487 2
5489 2
5491 3
5494 1
5495 1
5496 1
5497 1
5498 4
5499 1
5500 2
5502 1
5503 4
5504 3
5505 1
5508 2
5510 1
5511 2
5513 1
5514 1
5515 2
5516 1
5517 2
5518 2
5519 3
5520 2
5521 4
5523 1
5524 4
5527 1
5528 1
5529 1
5531 2
5532 2
5533 1
5534 1
5537 1
5538 1
5544 1
5545 1
5546 3
5550 1
5551 2
5552 2
5553 1
5555 1
5556 1
5557 2
5558 1
5562 2
5563 2
5566 2
5570 1
5572 1
5580 1
5581 1
5582 1
5588 2
5590 1
5591 1
5592 1
5593 1
5595 1
5597 1
5598 3
5599 1
5600 1
5601 1
5606 1
5608 1
5609 1
5612 2
5613 1
5614 2
5616 1
5617 1
5619 1
5620 1
5622 1
5625 1
5626 2
5627 1
5629 1
5637 3
5639 2
5641 1
5642 1
5643 1
5645 2
5647 1
5648 1
5650 1
5652 1
5661 1
5662 1
5665 1
5669 1
5670 1
5673 1
5675 1
5677 1
5682 2
5685 1
5687 1
5688 1
5691 3
5692 3
5693 2
5694 2
5695 2
5696 1
5698 1
5701 1
5703 2
5705 1
5708 1
5710 3
5714 2
5717 1
5723 1
5724 1
5730 1
5731 1
5732 1
5734 2
5736 1
5737 1
5738 1
5740 1
5741 1
5744 1
5747 1
5748 2
5749 3
5751 1
5752 2
5753 3
5755 1
5756 2
5758 1
5759 1
5762 1
5764 2
5767 2
5768 2
5769 2
5770 2
5771 3
5773 2
5776 3
5777 1
5778 1
5781 1
5782 1
5783 2
5784 1
5785 2
5787 1
5788 4
5789 1
5790 5
5791 3
5792 1
5793 4
5794 2
5795 2
5796 2
5797 4
5798 1
5799 2
5800 1
5803 2
5805 2
5807 1
5808 1
5811 2
5812 1
5813 3
5818 1
5819 1
5820 2
5821 2
5822 2
5823 2
5825 1
5826 2
5828 1
5830 1
5831 1
5835 1
5836 3
5837 3
5838 2
5839 4
5840 7
5841 3
5842 3
5843 1
5844 1
5845 1
5846 2
5847 2
5848 2
5849 1
5850 1
5851 3
5852 2
5853 1
5854 1
5855 2
5856 2
5857 2
5858 1
5860 2
5863 2
5864 2
5865 1
5866 1
5868 1
5869 2
5871 2
5872 4
5873 1
5874 2
5875 2
5876 1
5877 3
5878 1
5880 2
5881 3
5882 2
5883 1
5884 2
5887 1
5888 2
5889 2
5890 1
5891 3
5892 1
5894 5
5895 2
5896 1
5897 2
5899 2
5901 1
5903 1
5904 2
5908 1
5909 1
5911 3
5913 2
5914 1
5918 1
5919 1
5920 1
5921 2
5924 1
5925 1
5926 2
5928 3
5934 3
5935 2
5936 2
5938 2
5939 3
5940 2
5942 2
5943 2
5948 1
5952 1
5953 2
5955 1
5956 2
5957 1
5959 1
5961 2
5962 1
5963 1
5966 1
5969 1
5973 1
5974 2
5975 1
5977 1
5978 1
5982 2
5983 1
5988 1
5989 1
5990 1
5991 1
5992 1
6002 1
6006 1
6007 1
6010 1
6011 1
6012 1
6013 1
6015 3
6016 2
6017 1
6018 1
6019 1
6021 1
6022 2
6024 2
6026 1
6027 1
6028 1
6031 1
6032 1
6033 1
6035 1
6036 1
6037 1
6041 1
6043 1
6044 1
6045 1
6046 2
6049 1
6050 2
6053 1
6054 2
6056 1
6057 1
6058 2
6059 2
6060 2
6061 1
6064 1
6065 1
6070 1
6071 1
6072 1
6073 1
6074 1
6078 1
6079 3
6081 1
6082 1
6089 1
6093 1
6095 1
6096 2
6097 1
6101 1
6102 1
6104 1
6110 1
6111 1
6113 2
6115 1
6117 1
6118 2
6120 1
6121 1
6126 1
6127 1
6128 2
6130 1
6139 1
6141 1
6142 2
6147 2
6148 1
6150 1
6152 1
6155 2
6156 1
6157 1
6158 3
6160 1
6161 1
6165 2
6167 1
6173 1
6176 1
6177 1
6178 2
6181 1
6182 2
6185 1
6186 1
6189 1
6190 1
6191 2
6192 1
6195 1
6196 2
6197 1
6198 1
6200 3
6201 1
6202 1
6203 1
6204 1
6205 1
6206 2
6207 1
6208 1
6210 1
6211 1
6212 1
6217 1
6220 1
6221 2
6222 1
6224 1
6225 1
6231 2
6236 1
6238 1
6240 2
6241 1
6243 2
6248 1
6253 1
6254 1
6257 3
6259 2
6261 2
6266 1
6267 1
6271 1
6272 1
6273 1
6276 1
6277 1
6281 3
6283 2
6285 3
6286 1
6287 3
6288 1
6289 2
6293 1
6296 1
6297 2
6298 1
6300 2
6301 4
6302 1
6304 2
6307 2
6309 2
6310 2
6311 1
6312 1
6314 2
6315 1
6317 2
6321 1
6322 2
6326 2
6327 2
6329 2
6331 3
6334 1
6336 2
6337 1
6338 2
6340 1
6341 1
6342 1
6343 1
6344 2
6347 1
6354 1
6355 1
6363 1
6364 1
6365 1
6366 1
6367 1
6368 1
6370 1
6377 1
6378 2
6379 1
6380 1
6381 1
6382 1
6383 1
6384 1
6385 1
6386 4
6388 1
6390 1
6392 1
6393 3
6394 2
6395 2
6396 3
6397 2
6399 3
6400 1
6401 2
6402 2
6404 3
6405 2
6407 1
6410 1
6411 5
6412 1
6413 2
6415 1
6417 1
6418 1
6419 1
6420 1
6422 1
6426 1
6435 1
6436 3
6439 1
6444 1
6446 1
6450 1
6451 1
6452 1
6457 1
6459 1
6460 2
6461 1
6462 2
6464 1
6465 2
6468 1
6470 2
6471 1
6472 1
6474 3
6475 1
6477 1
6478 2
6480 2
6482 1
6483 2
6485 2
6486 2
6487 2
6488 1
6489 1
6490 1
6491 3
6492 1
6496 1
6497 1
6500 3
6502 1
6503 1
6506 3
6507 2
6508 1
6509 1
6511 1
6512 1
6514 1
6516 1
6517 2
6518 1
6519 1
6520 1
6522 1
6523 2
6524 1
6527 1
6530 2
6532 1
6535 1
6540 1
6544 2
6546 1
6551 1
6553 1
6555 1
6556 1
6557 2
6558 2
6559 1
6560 1
6561 1
6562 1
6565 1
6567 1
6569 2
6571 1
6573 2
6574 1
6576 1
6578 2
6579 1
6580 2
6581 1
6582 1
6583 1
6587 4
6588 2
6591 2
6593 1
6594 1
6599 2
6603 1
6604 2
6606 1
6607 1
6610 1
6613 3
6614 1
6616 3
6624 1
6626 2
6630 1
6631 2
6632 1
6633 2
6639 1
6640 1
6643 2
6650 2
6651 1
6653 1
6656 1
6660 1
6661 1
6663 2
6667 2
6669 2
6670 1
6673 1
6674 1
6679 1
6684 3
6685 2
6689 1
6698 1
6699 1
6703 1
6709 2
6715 1
6728 3
6737 1
6739 2
6742 1
6744 1
6749 1
6754 1
6755 1
6759 1
6760 1
6765 1
6769 1
6771 1
6772 1
6776 2
6785 1
6790 1
6793 1
6795 1
6796 3
6798 2
6799 1
6800 1
6801 1
6802 1
6804 1
6806 2
6808 1
6809 1
6810 1
6813 1
6814 1
6815 1
6816 3
6817 1
6818 1
6819 1
6820 2
6821 1
6822 4
6823 1
6825 1
6826 1
6827 1
6831 2
6833 2
6839 2
6840 2
6844 1
6849 4
6854 1
6855 1
6856 1
6859 1
6860 1
6862 1
6865 1
6867 1
6869 1
6872 2
6873 1
6874 1
6875 1
6876 1
6877 1
6878 1
6880 1
6882 1
6885 2
6886 2
6891 1
6893 1
6899 1
6901 1
6903 2
6908 1
6909 1
6910 1
6913 1
6920 1
6922 1
6925 1
6932 1
6938 1
6939 1
6942 1
6946 1
6948 2
6951 1
6952 2
6958 1
6966 1
6971 1
6972 2
6975 3
6976 1
6978 2
6980 1
6982 1
6984 1
6985 1
6988 1
6989 1
6991 2
6995 1
6996 1
6997 2
6999 2
7003 2
7004 1
7005 3
7007 2
7008 1
7009 1
7013 2
7018 1
7019 1
7020 1
7021 1
7025 2
7032 1
7036 2
7037 1
7039 1
7040 1
7043 2
7044 1
7046 1
7047 1
7048 1
7056 3
7057 2
7060 3
7063 1
7065 2
7066 1
7073 1
7075 1
7076 1
7078 1
7080 1
7084 1
7085 2
7087 1
7088 1
7093 3
7094 3
7095 1
7096 1
7098 1
7100 1
7101 1
7102 2
7103 1
7104 2
7105 1
7109 1
7110 2
7111 1
7116 1
7118 1
7121 2
7123 1
7124 3
7126 2
7129 2
7132 1
7133 1
7135 1
7136 1
7138 1
7140 1
7142 1
7145 1
7149 1
7150 1
7153 1
7155 1
7157 1
7160 1
7161 1
7163 4
7166 2
7167 1
7168 1
7169 1
7170 2
7171 1
7172 5
7173 1
7174 1
7175 1
7176 1
7177 1
7178 1
7179 1
7180 1
7181 1
7183 1
7185 1
7188 1
7192 1
7193 3
7194 1
7197 2
7199 2
7200 1
7202 2
7203 2
7204 1
7205 1
7206 2
7207 2
7208 3
7209 1
7210 1
7211 1
7212 2
7214 2
7216 2
7217 1
7218 1
7219 1
7220 1
7221 4
7222 3
7224 3
7225 1
7226 1
7229 2
7232 1
7233 1
7234 2
7235 1
7237 2
7238 1
7239 1
7241 1
7242 1
7244 2
7245 1
7246 3
7248 1
7249 1
7250 1
7251 2
7252 1
7253 3
7256 3
7257 1
7258 1
7260 2
7264 2
7265 4
7266 2
7267 2
7270 1
7273 1
7274 3
7275 1
7276 4
7278 1
7279 3
7281 3
7282 2
7284 1
7287 3
7288 2
7291 1
7292 1
7293 2
7294 1
7295 1
7299 1
7300 1
7307 1
7308 1
7309 1
7312 1
7314 1
7316 1
7318 1
7320 2
7321 1
7322 1
7324 2
7325 1
7326 1
7328 1
7329 2
7330 2
7333 1
7337 1
7338 1
7339 1
7347 2
7352 1
7353 1
7361 1
7365 1
7371 1
7372 1
7374 2
7375 1
7376 1
7381 1
7383 1
7386 1
7387 1
7389 2
7390 1
7392 1
7393 1
7395 2
7398 1
7400 1
7401 1
7406 2
7407 1
7408 1
7411 1
7412 1
7415 1
7418 2
7421 1
7422 1
7424 2
7427 1
7429 3
7431 2
7433 3
7437 3
7439 3
7445 1
7446 3
7448 1
7453 2
7454 1
7458 1
7459 1
7460 2
7463 1
7464 3
7468 1
7469 1
7471 1
7474 2
7479 1
7481 1
7482 1
7488 1
7495 1
7498 1
7499 1
7500 2
7501 2
7505 1
7507 1
7510 1
7511 1
7514 2
7516 2
7517 1
7522 1
7525 1
7526 1
7527 1
7529 1
7532 1
7533 1
7536 1
7537 1
7538 1
7540 1
7541 2
7542 1
7543 1
7544 1
7546 3
7547 1
7548 1
7549 1
7550 1
7551 2
7553 1
7555 2
7559 3
7560 3
7562 3
7563 1
7568 1
7569 1
7571 1
7572 1
7577 1
7582 1
7583 1
7584 2
7585 2
7586 1
7588 1
7591 1
7592 1
7593 3
7595 2
7597 2
7598 1
7602 2
7606 1
7611 1
7612 2
7613 1
7614 1
7616 2
7617 2
7618 1
7619 2
7620 3
7622 2
7623 2
7624 1
7626 2
7629 1
7630 2
7631 2
7639 1
7640 3
7641 1
7642 1
7644 1
7645 1
7647 2
7648 1
7653 2
7655 2
7658 2
7662 1
7666 1
7667 1
7668 1
7669 1
7673 1
7675 1
7680 1
7687 1
7689 1
7690 1
7692 2
7693 1
7695 1
7696 2
7698 1
7699 1
7701 1
7702 2
7703 3
7708 1
7709 1
7712 1
7715 2
7716 1
7720 1
7721 1
7725 1
7726 2
7727 2
7729 2
7730 1
7733 1
7734 1
7737 4
7738 1
7739 1
7741 2
7742 1
7744 1
7746 4
7747 3
7748 1
7754 1
7756 3
7760 1
7765 2
7766 2
7768 1
7769 2
7770 2
7772 1
7778 1
7780 1
7783 1
7785 2
7786 1
7788 1
7789 1
7790 1
7792 2
7793 2
7799 1
7801 2
7802 1
7807 1
7808 1
7814 2
7815 1
7817 1
7818 1
7821 1
7824 1
7825 1
7827 1
7836 1
7837 2
7838 1
7840 1
7841 1
7843 1
7844 1
7845 1
7847 2
7848 1
7850 1
7851 1
7856 1
7857 1
7863 2
7866 3
7867 2
7868 1
7869 3
7870 1
7872 3
7873 1
7874 1
7875 3
7876 2
7877 1
7879 1
7880 1
7883 2
7885 1
7887 1
7888 2
7889 2
7892 3
7893 1
7894 2
7898 3
7901 1
7904 1
7905 1
7906 1
7907 2
7908 1
7909 1
7910 3
7911 1
7914 1
7915 2
7916 2
7917 1
7918 2
7924 1
7925 1
7927 1
7928 1
7929 1
7932 2
7934 1
7936 1
7937 1
7938 1
7939 3
7940 3
7941 1
7942 2
7943 2
7944 1
7945 1
7946 2
7947 2
7949 5
7954 1
7957 4
7959 1
7960 1
7962 1
7965 3
7966 1
7967 1
7969 1
7970 1
7971 2
7972 1
7973 1
7974 1
7976 1
7978 2
7983 2
7985 1
7988 1
7989 2
7992 1
7993 1
7994 2
7996 1
7998 1
7999 2
8000 1
8001 1
8002 1
8005 1
8008 1
8010 2
8012 2
8013 4
8014 2
8015 1
8016 1
8017 1
8018 2
8019 1
8020 4
8021 4
8023 1
8025 2
8026 2
8031 1
8033 1
8034 1
8035 1
8036 1
8037 2
8038 1
8039 1
8042 3
8043 3
8045 2
8048 4
8050 1
8052 2
8054 1
8055 1
8056 1
8057 3
8058 2
8061 1
8062 1
8063 1
8064 3
8065 1
8066 1
8067 1
8068 1
8069 1
8071 3
8072 3
8074 1
8076 3
8079 2
8081 2
8083 1
8084 2
8085 1
8086 2
8088 1
8090 1
8091 1
8092 1
8095 3
8097 2
8098 1
8099 1
8104 1
8106 1
8109 1
8111 1
8113 1
8114 1
8119 1
8127 1
8128 2
8130 2
8132 1
8133 1
8134 1
8135 1
8141 1
8145 1
8146 1
8149 1
8154 1
8155 1
8158 1
8159 1
8160 1
8163 1
8165 1
8166 1
8167 1
8169 1
8174 1
8178 2
8179 2
8180 1
8181 1
8183 1
8184 1
8187 1
8191 1
8192 1
8193 1
8194 1
8197 2
8198 1
8199 1
8201 1
8204 2
8213 1
8214 1
8215 1
8219 2
8220 2
8221 1
8222 3
8223 2
8227 1
8228 1
8230 1
8231 1
8233 1
8236 2
8237 1
8238 1
8241 2
8243 1
8244 2
8246 2
8248 3
8250 2
8251 1
8258 3
8259 3
8260 3
8262 2
8267 2
8268 1
8269 2
8272 1
8273 1
8274 1
8275 1
8277 2
8278 1
8283 1
8284 3
8287 1
8290 3
8291 2
8292 2
8293 1
8297 1
8298 1
8299 1
8300 3
8301 2
8302 1
8303 1
8306 2
8307 1
8312 1
8321 1
8325 1
8329 1
8330 1
8338 1
8339 1
8341 1
8345 1
8346 1
8348 1
8351 2
8356 1
8357 2
8358 2
8362 1
8363 2
8364 1
8365 1
8367 1
8369 3
8370 1
8371 1
8376 1
8380 1
8381 1
8384 1
8385 2
8388 1
8389 1
8391 1
8392 1
8393 1
8397 1
8401 1
8409 1
8410 1
8419 1
8427 1
8431 1
8437 2
8448 1
8449 1
8450 1
8451 1
8457 1
8459 1
8460 1
8464 1
8467 1
8468 2
8471 3
8473 1
8476 1
8477 1
8479 1
8480 2
8481 1
8482 1
8483 1
8487 1
8488 1
8489 1
8490 1
8494 1
8496 1
8498 1
8503 1
8504 2
8505 2
8506 2
8507 1
8509 1
8512 1
8513 2
8515 1
8517 2
8518 1
8519 1
8521 2
8522 2
8523 3
8524 2
8527 1
8529 2
8530 1
8532 2
8534 1
8535 1
8538 1
8539 1
8540 1
8541 1
8542 1
8543 1
8544 1
8546 1
8547 1
8548 1
8551 1
8552 1
8554 1
8559 1
8560 1
8563 1
8564 3
8565 2
8568 1
8569 2
8573 1
8576 1
8577 4
8578 1
8579 3
8581 1
8582 1
8583 1
8584 1
8585 1
8588 1
8589 1
8590 1
8591 2
8592 1
8593 1
8594 2
8595 2
8596 2
8597 2
8598 1
8599 2
8601 1
8602 3
8605 1
8606 1
8609 1
8611 1
8613 2
8614 1
8616 3
8617 1
8618 1
8619 1
8620 1
8622 3
8623 1
8624 2
8627 2
8628 2
8630 2
8632 1
8634 1
8635 1
8636 1
8638 2
8639 1
8642 1
8644 1
8647 1
8648 2
8651 1
8652 2
8653 1
8654 3
8655 3
8659 1
8661 1
8662 2
8663 1
8665 1
8666 3
8670 1
8671 4
8672 1
8678 1
8681 3
8682 1
8683 1
8684 1
8686 1
8690 1
8692 1
8694 1
8697 1
8699 1
8701 1
8702 1
8704 1
8706 1
8707 1
8711 1
8713 1
8714 1
8717 1
8719 2
8720 1
8722 1
8723 1
8724 1
8727 1
8729 2
8733 1
8735 1
8736 1
8737 2
8739 1
8740 2
8741 1
8742 2
8743 1
8745 1
8747 2
8750 1
8751 1
8752 1
8753 2
8755 2
8759 2
8763 1
8768 1
8769 1
8771 1
8772 1
8773 1
8774 2
8775 1
8780 1
8781 1
8782 1
8786 3
8789 1
8790 2
8794 1
8797 2
8800 1
8805 1
8806 1
8810 2
8813 1
8814 1
8815 1
8818 1
8819 2
8822 1
8824 1
8825 2
8829 1
8833 1
8834 1
8841 1
8843 1
8844 1
8846 1
8849 1
8852 1
8853 1
8854 2
8855 1
8860 1
8861 2
8862 1
8865 1
8867 2
8868 1
8871 2
8873 1
8874 1
8881 1
8882 1
8887 1
8888 1
8891 1
8895 1
8899 2
8904 1
8905 1
8907 1
8913 2
8915 1
8921 1
8923 1
8924 1
8925 1
8927 1
8928 1
8929 1
8931 2
8932 1
8933 1
8937 1
8944 2
8946 1
8950 1
8951 1
8954 2
8959 2
8960 2
8963 1
8965 1
8966 1
8970 1
8975 1
8979 3
8980 1
8981 1
8982 1
8984 1
8985 3
8988 1
8989 2
8993 2
8997 1
8998 2
9000 1
9009 1
9010 2
9018 2
9019 2
9021 1
9022 1
9025 2
9033 1
9035 1
9037 2
9039 2
9043 1
9052 2
9053 1
9055 1
9057 2
9058 1
9059 2
9061 1
9063 2
9064 1
9067 1
9068 2
9069 1
9070 1
9071 1
9073 1
9074 1
9079 1
9082 1
9083 1
9089 1
9090 1
9091 2
9094 2
9098 1
9101 3
9102 1
9108 1
9110 2
9111 1
9117 2
9118 1
9120 1
9123 2
9124 2
9125 1
9127 1
9128 1
9130 1
9133 1
9134 1
9136 1
9138 1
9139 2
9142 4
9146 1
9150 2
9151 2
9152 1
9153 1
9154 1
9160 3
9161 1
9167 2
9170 1
9171 1
9172 1
9174 2
9177 1
9179 1
9181 1
9182 1
9184 1
9186 1
9187 1
9190 1
9191 2
9192 1
9193 1
9196 1
9200 1
9202 1
9203 3
9209 1
9210 1
9211 1
9213 1
9215 1
9216 1
9222 2
9223 1
9230 1
9231 1
9232 2
9236 1
9239 1
9243 1
9244 1
9248 2
9252 1
9254 1
9256 1
9257 1
9258 1
9259 1
9265 1
9266 1
9267 1
9270 1
9271 2
9272 1
9277 2
9282 2
9286 1
9287 1
9289 1
9290 1
9292 1
9293 1
9296 3
9298 1
9301 1
9308 1
9312 1
9316 1
9318 1
9321 2
9322 1
9327 1
9331 1
9333 2
9342 1
9343 1
9348 1
9349 1
9353 1
9355 1
9357 1
9358 1
9362 1
9363 1
9369 1
9375 2
9383 2
9385 2
9386 1
9387 1
9388 1
9390 1
9391 1
9392 2
9394 1
9395 1
9398 1
9399 1
9400 1
9403 1
9405 1
9406 3
9407 1
9409 1
9413 2
9416 2
9417 3
9418 1
9419 2
9420 1
9421 2
9429 1
9430 2
9436 1
9441 2
9444 2
9446 1
9447 1
9448 1
9453 1
9454 3
9460 2
9468 1
9470 1
9473 1
9476 1
9482 1
9483 1
9487 1
9490 1
9493 2
9494 1
9496 1
9497 1
9500 1
9506 1
9510 2
9511 3
9514 1
9516 3
9519 1
9520 2
9521 2
9522 1
9523 1
9525 1
9526 1
9529 1
9533 2
9534 1
9535 1
9536 1
9537 1
9541 2
9542 2
9546 1
9547 1
9553 1
9555 1
9558 1
9560 1
9562 1
9566 1
9569 1
9572 1
9574 2
9575 1
9579 1
9580 1
9581 2
9592 1
9596 2
9598 1
9606 2
9608 1
9612 3
9615 1
9616 2
9617 1
9619 1
9620 1
9621 1
9627 1
9629 1
9630 1
9631 1
9632 1
9638 2
9639 1
9642 1
9644 1
9645 1
9646 3
9649 1
9650 1
9651 1
9652 1
9653 1
9658 1
9660 2
9662 2
9663 2
9665 1
9666 1
9667 1
9672 3
9673 1
9677 1
9681 1
9688 1
9694 1
9695 2
9700 2
9701 1
9702 1
9705 1
9706 2
9708 2
9710 1
9711 1
9712 2
9713 3
9716 1
9718 1
9720 1
9722 1
9723 1
9726 1
9728 1
9735 1
9739 1
9740 2
9742 1
9745 1
9748 1
9759 1
9763 1
9764 2
9766 2
9768 1
9772 2
9773 1
9774 1
9776 1
9777 1
9778 2
9780 2
9781 1
9782 1
9785 1
9786 2
9787 1
9790 1
9791 2
9793 1
9794 1
9797 2
9800 2
9802 1
9804 1
9808 2
9809 2
9812 1
9816 1
9818 1
9819 1
9822 2
9823 1
9825 1
9827 1
9829 1
9830 1
9832 3
9835 2
9836 2
9837 1
9841 1
9844 1
9846 1
9852 1
9853 1
9858 1
9859 1
9861 1
9863 1
9866 2
9867 3
9868 1
9869 1
9871 1
9878 1
9879 1
9881 1
9896 1
9897 2
9898 1
9899 1
9902 1
9903 2
9904 1
9909 1
9910 1
9913 1
9914 1
9915 1
9921 1
9922 1
9926 1
9933 2
9936 2
9938 2
9940 1
9943 1
9944 1
9947 1
9948 1
9949 1
9951 2
9953 1
9955 2
9956 1
9957 1
9959 1
9960 1
9961 1
9963 1
9965 1
9971 1
9973 1
9975 1
9978 2
9983 1
9987 1
9989 2
9990 1
9991 1
9999 2
10001 3032
