211000022278492 0 1.65703
211000022279285 0 1.30005
211000022278296 0 0.485813
211000022279089 0 4.02757
211000022279883 0 9.35159
211000022278992 0 11.5839
211000022280072 0 2.78248
211000022280474 0 27.5811
211000022279490 0 0.976261
211000022279392 0 17.3562
211000022279098 0 2.86562
211000022279892 0 0.658304
211000022280081 0 1.25513
211000022279696 0 0.260246
211000022278202 0 10.1985
211000022280483 0 0.841066
211000022278702 0 8.08142
Y 0 24.4222
211000022278604 0 7.98828
Y 1000000 23.3272
211000022278506 0 9.84896
Y 2000000 64.6412
211000022278408 0 13.5119
Y 3000000 22.4983
211000022280689 0 16.8377
211000022278908 0 0.990373
211000022280090 0 2.87604
211000022278211 0 3.57464
211000022279102 0 3.11982
211000022280492 0 26.5517
211000022279700 0 0.101362
211000022278711 0 1.8047
211000022279602 0 1.4922
211000022280296 0 1.08118
211000022278613 0 33.7115
211000022280198 0 0.866769
211000022278515 0 38.6677
211000022279406 0 21.1847
211000022278417 0 8.06534
211000022279308 0 2
211000022278319 0 27.2096
211000022279906 0 26.182
211000022280698 0 27.0665
211000022278819 0 0.522254
211000022278220 0 14.0803
211000022278122 0 1.80625
211000022278720 0 0.584514
211000022278622 0 138.926
211000022279513 0 2.83529
211000022278524 0 0.794063
211000022279415 0 1.39941
211000022278426 0 14.9947
211000022279317 0 4.12309
211000022278328 0 0.775601
Unmapped_Scaffold_60_D1601 0 15.1473
211000022278926 0 3.47973
211000022280202 0 12.0857
211000022279719 0 6.17778
211000022280702 0 10.2302
XY_mapped_Scaffold_7_D1574 0 15.3685
3Cen_mapped_Scaffold_50_D1686 0 11.8799
211000022279120 0 2.16082
211000022279022 0 2.39756
211000022278033 0 0.944882
211000022279522 0 1.98824
211000022278533 0 18.526
211000022279424 0 37.408
211000022278435 0 3.66316
211000022280211 0 1.28276
211000022278935 0 21.0606
211000022278837 0 7.25229
211000022279728 0 1.5154
211000022280015 0 5.69627
211000022280319 0 5.94706
211000022279031 0 47.7802
3L 10000000 24.5211
3L 11000000 24.0507
3L 12000000 24.417
3L 13000000 23.4554
211000022279531 0 3.85417
3L 14000000 26.2156
211000022279433 0 2.24328
3L 15000000 25.7534
3L 16000000 24.0736
211000022278346 0 0.987362
211000022279237 0 34.1443
3L 17000000 23.4563
211000022279139 0 0.301785
211000022278248 0 0.302513
3L 18000000 25.227
3L 19000000 23.4945
211000022280220 0 8.34334
211000022279835 0 1.55885
211000022278944 0 5.22829
211000022278846 0 85.5315
211000022279737 0 2.73844
211000022279639 0 8.48812
211000022280024 0 62.8539
211000022278748 0 3.92053
Unmapped_Scaffold_32_D1773 0 4.55369
211000022280622 0 5.66701
211000022280524 0 4.14015
211000022280328 0 11.2114
2Cen_mapped_Scaffold_10_D1684 0 13.9595
211000022279040 0 0.678052
3L 20000000 25.0985
3L 21000000 24.5455
3L 22000000 24.2944
211000022279540 0 2.67586
3L 23000000 26.7293
211000022279442 0 11.2752
3L 24000000 24.1502
211000022278453 0 1.9758
3L 25000000 27.2097
211000022278355 0 2.54806
211000022279246 0 8.14109
3L 26000000 23.708
211000022279148 0 9.31239
211000022278257 0 0.713004
3L 27000000 27.3748
211000022279942 0 11.0423
3L 28000000 27.9931
211000022278953 0 22.3233
211000022279844 0 22.6785
211000022278855 0 4.07994
211000022279746 0 7.26065
211000022280131 0 0.727617
211000022280033 0 37.7023
211000022278757 0 18.654
211000022280631 0 3.49929
211000022280533 0 0.373016
Unmapped_Scaffold_46_D1675 0 8.51592
211000022278462 0 15.5331
211000022279157 0 3.00936
211000022279951 0 20.275
211000022278962 0 4.91725
211000022280140 0 19.5004
211000022279755 0 33.938
211000022280042 0 2.21301
211000022279657 0 0.262389
211000022278668 0 514.348
211000022279559 0 25.8809
211000022280640 0 4.41781
211000022280542 0 10.8788
211000022280346 0 24.3463
211000022280748 0 62.0602
211000022279460 0 1.50926
211000022278471 0 19.3209
211000022279362 0 1.98246
211000022279264 0 4.50049
211000022279068 0 2.45179
211000022279960 0 2.75458
211000022278971 0 1.51939
211000022279764 0 1.5658
211000022278873 0 8.47069
211000022278775 0 44.3955
211000022279666 0 2.2296
211000022280551 0 15.8437
211000022280453 0 5.12358
211000022280257 0 47.359
211000022280159 0 1.53751
211000022280659 0 29.4078
211000022278480 0 7.33991
211000022278382 0 0.366455
211000022278284 0 9.99207
211000022279175 0 0.277098
211000022279077 0 26.4839
211000022278980 0 0.225352
211000022278882 0 3.58239
211000022279773 0 0.346287
211000022280060 0 2.84138
211000022279675 0 30.3271
211000022278686 0 0.0284019
211000022279479 0 70.1784
211000022280560 0 0.201693
211000022280462 0 1.92412
211000022279979 0 0.399674
211000022280266 0 21.5282
211000022280168 0 6.19866
211000022280668 0 149.784
Y_mapped_Scaffold_30_D1720 0 115.363
211000022279380 0 15.3694
211000022278391 0 3
211000022279282 0 8.90633
211000022279086 0 4.79218
211000022278195 0 32.6881
211000022278891 0 268.758
211000022278793 0 0.828125
211000022279684 0 22.8043
211000022278695 0 71.2103
211000022279586 0 0.486339
211000022278597 0 7.31589
211000022279488 0 0.168671
211000022278499 0 3.04935
211000022280471 0 1.69321
Y_mapped_Scaffold_15_D1727 0 54.6299
211000022279988 0 17.3424
211000022280177 0 0.626003
211000022280079 0 1.47593
211000022279291 0 1.89439
211000022279193 0 2.50487
211000022279095 0 7.81581
211000022279791 0 6.58212
211000022279693 0 8.12919
211000022279497 0 4.70718
211000022279399 0 2.36445
211000022280480 0 76.6797
211000022279899 0 0.355182
211000022278601 0 21.443
211000022278503 0 517.631
211000022280088 0 0.493027
211000022278405 0 3.42212
211000022278307 0 4.57967
211000022280686 0 96.3001
211000022280588 0 1.88179
211000022278905 0 6.94915
211000022278807 0 14.2028
211000022278709 0 57.4058
211000022279001 0 3.51608
211000022280293 0 8.97778
211000022280195 0 9.96685
211000022278512 0 34.4479
211000022279403 0 0.348666
211000022280097 0 0.372851
211000022278414 0 0.263518
211000022279305 0 0.948317
211000022278316 0 76.5112
211000022279109 0 7.18336
211000022278218 0 132.731
211000022280597 0 0.742298
211000022278718 0 0.402584
211000022279609 0 1.61182
Y_mapped_Scaffold_12_D1771 0 24.9433
211000022279010 0 1.02962
211000022278521 0 1.48612
211000022279412 0 63.7182
211000022278423 0 7.58541
211000022278325 0 35.6934
211000022278227 0 39.5679
211000022279118 0 6.47998
211000022278923 0 1.68542
211000022279814 0 0.666351
211000022278825 0 0.627387
211000022278727 0 7.41673
211000022280503 0 2.78005
211000022279421 0 3.7528
211000022278432 0 0.452605
211000022278334 0 1.04575
211000022278236 0 1.16117
211000022278138 0 5.27155
211000022279029 0 4.01594
211000022279921 0 2.18673
211000022280110 0 18.3655
211000022279725 0 24.8117
211000022280012 0 54.8574
211000022278736 0 11.3557
211000022279627 0 8.06584
211000022279529 0 6.64037
211000022280610 0 2.13595
211000022280316 0 9.45386
X 10000000 11.6873
X 11000000 12.0189
211000022278441 0 4.15514
X 12000000 11.5855
X 13000000 11.9608
X 14000000 14.6554
X 15000000 12.2569
211000022278049 0 0.182255
X 16000000 12.0529
211000022278941 0 1.2738
X 17000000 12.3355
X 18000000 11.4668
211000022278745 0 3.72895
X 19000000 11.2498
211000022278647 0 1.50714
211000022279538 0 0.550725
211000022278549 0 45.9053
211000022280325 0 21.9804
211000022280227 0 21.7626
211000022280727 0 61.3153
211000022280629 0 1.63205
Y_mapped_Scaffold_34_D1584 0 24.716
Y_mapped_Scaffold_5_D1748_D1610 0 25.0956
Unmapped_Scaffold_29_D1705 0 12.5849
X 20000000 11.6208
211000022278450 0 1.89242
X 21000000 12.3781
211000022278352 0 11.2777
X 22000000 15.3321
211000022278254 0 11.4541
X 23000000 62.3491
211000022279047 0 8.80637
211000022278950 0 6.68299
211000022278852 0 0.466102
211000022279743 0 8.42722
211000022280030 0 3.26316
211000022279645 0 17.5672
211000022278754 0 5.23416
211000022278558 0 0.74435
211000022279449 0 21.6031
211000022279949 0 11.8383
211000022280138 0 42.9841
211000022278361 0 41.5814
211000022278263 0 5.67308
211000022279154 0 0.745134
211000022278165 0 30.7443
211000022279056 0 4.42442
211000022279850 0 2.78733
211000022278861 0 3.24188
211000022279654 0 2.96341
211000022279458 0 40.863
211000022280343 0 7.47761
211000022278969 0 27.0628
211000022279261 0 0.849326
211000022278370 0 83.2733
211000022279065 0 8.39953
211000022278174 0 2.52905
211000022278870 0 15.74
211000022279761 0 9.20663
211000022278772 0 0.417231
211000022279663 0 22.4614
211000022279467 0 3.24397
211000022278576 0 4.01099
211000022278478 0 9.80145
211000022279369 0 6.97407
211000022279967 0 2.01575
211000022278978 0 0.316243
211000022279869 0 57.4487
211000022280156 0 2.15288
211000022280058 0 2.88946
211000022280656 0 9.74361
211000022278281 0 74.6156
211000022279172 0 21.9082
211000022279074 0 0.288204
211000022279770 0 6.95703
211000022278683 0 0.214912
211000022279574 0 5.90561
211000022278585 0 1.65882
211000022279378 0 4.9882
211000022278987 0 3.938
211000022280165 0 6.999
211000022278889 0 0.206815
211000022280763 0 7.29389
Unmapped_Scaffold_11_D1754 0 8.52242
211000022279181 0 1.42247
211000022278290 0 13.3222
211000022279681 0 3.44495
211000022278790 0 11.0728
211000022278692 0 5.25508
211000022279583 0 5.62691
211000022279485 0 17.8519
211000022278594 0 0.773635
211000022278398 0 9.86161
211000022279289 0 0.676125
211000022279985 0 0.641003
211000022278996 0 4.22819
211000022279887 0 16.8568
211000022280174 0 0.629426
211000022278898 0 1.9961
211000022280076 0 12.1048
211000022280772 0 70.4719
Unmapped_Scaffold_48_D1678 0 9.43592
211000022279190 0 0.935922
211000022279092 0 15.618
211000022279592 0 15.5136
211000022279494 0 468.754
211000022279396 0 1.5341
211000022279298 0 115.324
211000022279994 0 0.418595
211000022279896 0 16.9871
211000022280183 0 0.998301
211000022280085 0 21.3894
211000022278304 0 4.99896
211000022278206 0 57.622
211000022280585 0 2.26499
211000022278608 0 63.0591
211000022280192 0 1.14307
211000022279400 0 0.994633
211000022278411 0 0.261123
211000022279204 0 8.53567
211000022278313 0 1.00516
211000022278215 0 0.0505631
211000022279008 0 0.207659
211000022279900 0 2.30046
211000022279802 0 11.9747
211000022279704 0 7.18556
211000022278715 0 0.727885
211000022278617 0 0.740598
211000022279508 0 0.459596
Unmapped_Scaffold_38_D1625 0 23.1047
Unmapped_Scaffold_4_D1555_D1692 0 22.0998
2Cen_mapped_Scaffold_43_D1668 0 11.3814
211000022278420 0 17.9746
211000022279311 0 23.8258
211000022278322 0 2.18329
211000022278224 0 0.729091
211000022279115 0 0.636123
211000022278920 0 1.62467
211000022278822 0 7.10678
211000022280000 0 32.2263
211000022278724 0 12.3423
211000022279517 0 11.6228
211000022278528 0 0.577472
211000022280500 0 3.85489
211000022279222 0 5.90581
211000022278233 0 169.237
211000022279124 0 1.31796
211000022278135 0 2.04042
211000022279026 0 18.1735
211000022279820 0 16.4719
211000022278831 0 10.229
211000022279722 0 0.691638
211000022278733 0 2.86957
211000022278635 0 1.74227
211000022279526 0 64.2199
211000022278439 0 22.4053
211000022278939 0 5.81924
211000022280019 0 2.58856
211000022280519 0 176.183
3Cen_mapped_Scaffold_41_D1641 0 16.6532
211000022278242 0 2.17047
211000022278144 0 5.50376
211000022278840 0 62.3559
211000022279731 0 9.72515
211000022279633 0 6.06667
211000022278644 0 2.05648
211000022279437 0 13.4225
211000022280322 0 2.86657
211000022279937 0 29.3737
211000022278948 0 11.9602
211000022279839 0 2.98758
211000022280028 0 1.9053
Unmapped_Scaffold_54_D1776 0 17.9481
211000022280626 0 2.85325
211000022278153 0 0.998458
211000022279642 0 1.60834
211000022278751 0 7.18238
211000022278653 0 8.07033
211000022278555 0 9.15487
211000022279446 0 0.0392927
211000022278359 0 59.8157
211000022280331 0 0.624324
211000022280233 0 0.270504
211000022280135 0 20.661
211000022278859 0 0.695652
211000022280037 0 1.25307
211000022278260 0 0.722903
211000022278760 0 17.5997
211000022279651 0 2.04191
211000022279553 0 6.48862
211000022278466 0 6.09791
211000022279259 0 0.981084
211000022280340 0 6.7796
211000022279955 0 1.67651
211000022279857 0 0.595341
211000022278966 0 2.58509
211000022280144 0 7.66667
211000022278868 0 15.0296
211000022280046 0 13.9758
211000022280742 0 92.4752
211000022280448 0 13.4061
211000022279660 0 1.24199
211000022279562 0 8.31579
211000022278573 0 0.332717
211000022279464 0 4.45004
211000022279366 0 6.35447
211000022279268 0 8.27537
211000022278377 0 28.5532
211000022278279 0 1.43134
3Cen_mapped_Scaffold_31_D1643_D1653_D1791 0 20.4996
211000022279964 0 11.5999
211000022278975 0 0.699964
211000022279866 0 9.07773
211000022280251 0 2.66266
211000022280153 0 8.10373
211000022278877 0 2.32178
Y_mapped_Scaffold_9_D1573 0 18.6569
211000022280653 0 65.2364
211000022280555 0 3.81695
211000022280457 0 47.28
rDNA 0 746.958
211000022279571 0 14.7737
211000022278680 0 0.478641
211000022279473 0 19.9132
211000022278484 0 3.5685
211000022279375 0 2.50891
211000022279277 0 1.61596
211000022279179 0 1.00033
211000022279973 0 6.74747
211000022280260 0 12.4081
211000022278984 0 3.47781
211000022279875 0 7.6556
211000022280162 0 19.5993
211000022278886 0 16.3321
211000022279777 0 6.01185
211000022280064 0 0.0625224
211000022279679 0 1.0333
211000022280564 0 8.43125
211000022280466 0 8.9094
211000022278493 0 12.0729
211000022279384 0 0.58209
211000022279286 0 0.73187
211000022278395 0 1.01601
211000022278297 0 2.35082
211000022279188 0 1.19928
211000022278199 0 1.19392
211000022279982 0 8.69546
211000022278993 0 10.5249
211000022279884 0 5.88977
211000022278895 0 1.64608
211000022279688 0 177.306
211000022278699 0 5.77046
211000022280671 0 0.200464
2R 10000000 24.0747
2R 11000000 23.4173
2R 12000000 23.8896
2R 13000000 23.3344
211000022279491 0 10.6261
2R 14000000 23.5075
211000022279393 0 5.93246
2R 15000000 23.9246
Unmapped_Scaffold_8_D1580_D1567 0 20.5705
2R 16000000 24.0336
211000022279197 0 26.493
2R 17000000 24.349
2R 18000000 23.6421
211000022279991 0 1.0322
2R 19000000 24.4315
211000022279795 0 7.8592
211000022278301 0 9.47217
211000022279599 0 11.7422
211000022278203 0 3.3009
211000022278507 0 2.20753
211000022278409 0 6.02736
2R 20000000 23.4169
2R 21000000 22.815
2R 22000000 24.0159
2R 23000000 23.6957
2R 24000000 25.0605
2R 25000000 35.6374
211000022280091 0 3.44762
211000022279103 0 8.10159
211000022278212 0 1.08676
211000022279005 0 4.17541
211000022278114 0 33.7283
211000022279701 0 40.7689
211000022278810 0 29.6857
211000022278712 0 2.13182
211000022278614 0 6.41881
211000022279505 0 1.20289
Unmapped_Scaffold_44_D1670 0 19.8112
211000022278516 0 1.33628
211000022279407 0 26.8053
211000022278418 0 8.5312
211000022279309 0 2.17215
211000022280699 0 12.7842
211000022279907 0 0.410999
211000022278123 0 0.464476
211000022279014 0 9.50676
211000022278721 0 41.5745
211000022279612 0 16.6954
211000022279514 0 1.22207
211000022278525 0 15.988
211000022279416 0 1.24007
211000022278427 0 14.1216
211000022279318 0 16.4685
211000022278927 0 0.136057
211000022280105 0 27.4968
211000022280007 0 0.677743
211000022280703 0 14.6559
211000022280605 0 62.8306
211000022279121 0 6.84762
211000022278132 0 79.9557
211000022279023 0 0.195779
211000022278730 0 1.99441
211000022278632 0 3.26629
211000022278436 0 39.9694
211000022278338 0 5.9061
211000022279229 0 5.67536
211000022280212 0 2.36628
211000022278936 0 9.36252
211000022280114 0 10.6266
211000022278838 0 1.50176
211000022279729 0 3.40563
211000022280016 0 4.98084
211000022280516 0 15.9089
211000022279532 0 489.895
211000022278249 0 54.5746
211000022279934 0 0.999391
211000022279836 0 0.0535497
211000022278945 0 1.46429
211000022279738 0 35.8688
211000022280025 0 0.879692
211000022280623 0 8.20045
211000022280525 0 25.8089
211000022278650 0 0.998014
211000022279443 0 12.2772
211000022279345 0 0.605667
211000022278356 0 3.17217
211000022279247 0 4.75189
211000022278258 0 0.94768
211000022280230 0 0.998361
211000022279845 0 1.53226
211000022279747 0 23.1711
211000022278758 0 20.8258
211000022280534 0 1.71398
211000022280436 0 2.09972
211000022280338 0 11.9334
211000022279050 0 2.77488
211000022279550 0 1.24306
211000022279452 0 79.8061
211000022278463 0 81.6367
211000022279354 0 1.87423
211000022279158 0 2.31737
211000022279952 0 2.55524
211000022278963 0 0.0920897
211000022280141 0 2.00464
211000022278865 0 7.97515
211000022279756 0 5.13085
211000022280043 0 38.501
211000022280641 0 3.93214
211000022280445 0 20.9867
211000022280347 0 18.4979
211000022279265 0 0.752893
211000022278276 0 1
211000022278178 0 10.6236
211000022279069 0 8.80553
211000022279961 0 15.9137
211000022278972 0 2.91024
211000022278874 0 53.3424
211000022279667 0 10.3065
211000022279569 0 4.59557
211000022279470 0 1.90071
211000022278481 0 17.1926
211000022279372 0 8.42959
211000022279274 0 2.86872
211000022278285 0 2.98645
211000022278187 0 2.88792
211000022279078 0 73.3244
211000022279970 0 7.65254
211000022278089 0 0.428233
211000022279774 0 1.99482
211000022278883 0 21.3147
211000022279676 0 0.159514
211000022280061 0 0.257335
211000022278785 0 21.2916
211000022278589 0 1.02494
211000022280561 0 1.78982
211000022280463 0 1.51704
2R 0 24.1313
2R 1000000 27.3099
2R 2000000 29.1438
2R 3000000 24.3179
2R 4000000 24.4575
2R 5000000 24.3671
2R 6000000 24.9824
2R 7000000 23.936
2R 8000000 24.6631
2R 9000000 24.5272
211000022278490 0 30.9678
211000022278392 0 17.2868
211000022279185 0 3.28843
211000022278196 0 1.46787
211000022278098 0 14.6348
211000022279881 0 0.896791
211000022278990 0 9.51762
211000022278892 0 0.997403
211000022280070 0 11.2481
211000022278794 0 114.335
211000022279685 0 6.50601
Y_mapped_Scaffold_23_D1638 0 108.179
211000022280570 0 58.1069
211000022280472 0 51.791
211000022279989 0 14.6896
211000022280178 0 7.63857
211000022280678 0 14.8237
211000022279096 0 0.732524
211000022279890 0 1.33744
211000022279792 0 15.4231
211000022279694 0 1.24227
211000022278200 0 5.63759
211000022279498 0 0.419463
211000022280481 0 1.87665
211000022279998 0 1.2904
211000022278602 0 0.0907362
211000022280187 0 4.29322
211000022280089 0 4.93417
211000022278406 0 3.0405
211000022280687 0 16.865
211000022280589 0 80.5129
211000022278808 0 12.05
211000022279100 0 43.3447
211000022279002 0 15.6922
211000022280490 0 35.1295
211000022279600 0 4.95801
211000022280294 0 0.979157
211000022278611 0 4.39145
211000022279502 0 16.1727
211000022280196 0 0.669453
211000022278513 0 4.59291
211000022279404 0 1.0643
211000022278415 0 8.86761
211000022280098 0 0.125704
211000022278317 0 16.4198
211000022278219 0 16.4371
211000022279904 0 86.9339
211000022280696 0 18.168
211000022280598 0 13.8869
211000022279708 0 8.11922
211000022278817 0 78.3716
211000022279011 0 4.57268
211000022278120 0 2.75398
211000022279511 0 0.416235
211000022278522 0 29.3078
211000022278424 0 15.0325
211000022279217 0 19.6312
211000022278228 0 38.966
211000022279913 0 1.31302
211000022280102 0 7.93641
211000022278826 0 23.952
211000022280700 0 6.70975
211000022280504 0 5.40232
211000022280308 0 12.3843
211000022278031 0 7.9716
211000022279422 0 16.05
211000022279324 0 20.2389
211000022278335 0 1.76192
211000022279128 0 0.780408
211000022278139 0 27.9022
211000022278933 0 12.5926
211000022279824 0 0.369444
211000022279726 0 33.0113
211000022279628 0 14.3993
211000022278639 0 0.903922
2L 10000000 24.7754
2L 11000000 24.9782
2L 12000000 23.2979
2L 13000000 25.4671
211000022278540 0 2.74576
211000022279431 0 1.11939
2L 14000000 25.2633
211000022279333 0 8.28216
2L 15000000 24.0904
211000022279235 0 62.004
2L 16000000 27.0124
211000022279137 0 1.17575
2L 17000000 23.7468
211000022279039 0 0.307763
211000022279931 0 0.25116
2L 18000000 25.089
2L 19000000 23.1581
211000022278942 0 5.42408
211000022280120 0 0.999167
211000022279735 0 1.16977
211000022278844 0 218.165
211000022280022 0 0.801616
211000022278648 0 415.351
211000022279539 0 0.273689
211000022280620 0 4.41382
211000022280522 0 24.511
211000022280326 0 1.72238
211000022280228 0 10.8343
2L 20000000 23.6822
2L 21000000 32.5079
2L 22000000 26.9162
2L 23000000 24.5966
211000022279342 0 0.811078
211000022278451 0 16.3823
211000022278353 0 17.9655
211000022279146 0 1.55095
211000022278157 0 1.56389
211000022279048 0 6.63202
211000022279940 0 5.88489
211000022278951 0 75.5713
211000022279842 0 1.58782
211000022280031 0 4.97081
211000022279646 0 2.20594
211000022278559 0 10.0826
211000022280335 0 2.46466
211000022280237 0 1.96994
211000022280139 0 11.2498
211000022279351 0 1.97368
211000022278362 0 2.71722
211000022278166 0 6.84041
211000022278960 0 17.9323
211000022278862 0 0.861287
211000022280040 0 2.76213
211000022279655 0 35.8607
211000022279459 0 2.84558
211000022278568 0 22.4616
211000022280442 0 0.985973
211000022279959 0 1.5419
211000022280148 0 2.70067
211000022279360 0 0.319693
211000022279262 0 34.91
211000022279164 0 2.18637
211000022278273 0 5.78083
211000022279066 0 5.43855
211000022279860 0 2.59406
211000022279762 0 0.271352
211000022278773 0 1.30562
211000022279664 0 14.526
211000022278675 0 23.0582
211000022278577 0 5.71168
211000022279468 0 0.824521
211000022278479 0 9.73675
mitochondrion_genome 0 497.179
211000022279968 0 4.565
211000022278979 0 25.897
211000022280157 0 1.94127
Unmapped_Scaffold_13_D1782 0 3.03771
211000022280657 0 1.3794
211000022278282 0 0.117483
211000022278880 0 1.92545
211000022279673 0 3.58431
211000022278684 0 1.04245
211000022279575 0 1.38561
211000022278586 0 59.3176
211000022279477 0 3.34284
211000022278988 0 3.21688
211000022279879 0 8.9975
211000022279280 0 9.89931
211000022279182 0 1.14017
211000022279084 0 32.5746
211000022278095 0 1.65873
211000022279780 0 23.3402
211000022278791 0 12.2366
211000022279682 0 0.387255
211000022278693 0 26.4654
211000022279486 0 1.56554
211000022279388 0 2.09549
211000022278497 0 0.179574
211000022278399 0 0.348423
211000022279986 0 72.7782
211000022279888 0 1.96291
211000022278997 0 13.797
211000022278899 0 1.60199
211000022280577 0 7.3299
211000022280479 0 6.99706
211000022279093 0 12.7104
211000022279691 0 1.79264
211000022279995 0 24.6214
211000022278501 0 9.1878
211000022279799 0 3.71643
211000022280086 0 11.893
211000022278403 0 4.91286
211000022278305 0 25.4125
211000022280684 0 61.8697
211000022280586 0 55.5974
2R2_mapped_Scaffold_56_D1828 0 2.42586
211000022278707 0 1.99951
211000022278510 0 7.7226
211000022279303 0 279.984
211000022280095 0 19.4953
211000022278412 0 2.4698
211000022278216 0 24.3728
211000022279009 0 5.01956
211000022279901 0 11.4781
211000022280595 0 24.3425
211000022279803 0 2.05115
211000022280497 0 23.3454
211000022279705 0 29.7905
211000022278716 0 37.3768
211000022278618 0 15.4043
211000022279509 0 13.9062
211000022279410 0 3.8426
211000022278421 0 209.631
211000022278323 0 28.4292
211000022279214 0 7.46771
211000022278225 0 26.1061
211000022279116 0 4.66271
211000022279018 0 0.0741983
211000022278127 0 20.7215
211000022279910 0 159.886
211000022278921 0 17.149
211000022279812 0 4.38459
211000022278823 0 71.0223
211000022278627 0 0.351141
211000022280501 0 16.3868
211000022280305 0 16.9427
211000022280707 0 14.1244
211000022279125 0 0.698763
211000022278136 0 0.479708
211000022278832 0 0.672904
211000022279723 0 2.09612
211000022280010 0 13.0017
211000022278734 0 14.7136
211000022278636 0 11.4869
211000022279527 0 1.71762
211000022278538 0 1.79517
211000022279929 0 0.760761
211000022280314 0 3.78412
211000022280618 0 28.2829
211000022279232 0 27.9382
211000022278145 0 0.939448
211000022278047 0 0.164356
211000022279830 0 1.16892
211000022279732 0 0.180982
211000022278743 0 7.21499
211000022279536 0 1
211000022279438 0 4.53728
211000022278449 0 5.94761
211000022279938 0 32.7456
211000022280225 0 13.3353
211000022278949 0 0.993626
211000022280127 0 38.9659
211000022280029 0 1.89717
211000022280529 0 7.58958
211000022278252 0 0.832072
211000022279143 0 3.83052
211000022278850 0 15.1075
211000022279741 0 0.364173
211000022278654 0 4.99513
211000022278556 0 11.8416
211000022278458 0 2.89328
211000022279849 0 3.31434
211000022278958 0 2.05119
211000022280734 0 0.55262
211000022280538 0 7.3471
211000022279152 0 1.49455
211000022279750 0 17.7605
211000022278761 0 6.79151
211000022279652 0 0.522242
211000022278663 0 3.2801
211000022278565 0 13.5437
211000022278467 0 59.3815
211000022278369 0 12.4384
211000022280341 0 0.998541
211000022279956 0 0.398804
211000022278869 0 24.7992
211000022280743 0 1.66959
211000022280645 0 11.1289
211000022278172 0 0.25
211000022279063 0 81.7011
211000022279661 0 9.07156
211000022279563 0 12.5448
211000022278574 0 27.3431
211000022278476 0 1.72103
211000022279269 0 1.75767
211000022278378 0 37.3876
211000022280350 0 4.07591
211000022279965 0 19.8047
211000022279867 0 0.671678
211000022278878 0 19.2028
211000022279769 0 1.98299
211000022280654 0 17.0369
211000022280556 0 14.9034
3Cen_mapped_Scaffold_1_D1896_D1895 0 17.5419
211000022279072 0 21.0252
211000022279670 0 14.0069
211000022279474 0 7.79809
211000022279376 0 8.98631
211000022278387 0 7.20816
211000022279974 0 15.6252
211000022280261 0 4.44528
211000022278985 0 0.476054
211000022279876 0 43.5243
211000022278887 0 0.821145
2L 0 25.3856
211000022280761 0 32.8257
2L 1000000 23.648
211000022280565 0 2.6599
2L 2000000 23.9434
2L 3000000 24.7492
211000022280467 0 22.8671
2L 4000000 24.0989
2L 5000000 24.5489
2L 6000000 25.2973
2L 7000000 24.0257
2L 8000000 24.1075
2L 9000000 23.9859
211000022279081 0 2.87941
211000022278690 0 2.77755
211000022278592 0 12.1341
211000022279483 0 1.47669
211000022279385 0 4.26246
211000022278396 0 5.91753
211000022278298 0 1.14312
211000022279189 0 0.0326978
211000022280270 0 0.551648
211000022279885 0 24.4758
211000022278896 0 1.40534
211000022279787 0 6.49697
211000022278798 0 10.1683
211000022280476 0 17.1148
211000022279090 0 1.0488
Y_mapped_Scaffold_21_D1683_D1693 0 0.769784
211000022279492 0 1.03167
211000022279394 0 6.4408
211000022279296 0 52.1465
211000022279198 0 13.6197
211000022280181 0 0.398693
211000022279698 0 2.41526
211000022278302 0 0.26149
211000022278204 0 142.672
211000022278106 0 1.62193
211000022280681 0 1
211000022280583 0 5.39733
211000022278802 0 73.3347
211000022278704 0 1.17505
Y_mapped_Scaffold_53_D1765 0 5.31487
211000022278311 0 12.3548
211000022279104 0 35.5058
211000022279006 0 2.08512
211000022280592 0 1.93637
211000022279800 0 9.72767
211000022280494 0 15.457
211000022279604 0 2.84211
211000022280298 0 1.25547
211000022278615 0 89.6583
211000022279506 0 0.322887
211000022279408 0 5.21416
211000022278517 0 5.18882
211000022278419 0 2.62988
211000022279908 0 2.51688
211000022278919 0 20.4993
211000022278320 0 133.013
211000022279211 0 0.467803
211000022279113 0 1.24335
211000022279015 0 14.9905
211000022278820 0 1.95283
211000022279711 0 1.70098
211000022278722 0 0.348427
211000022279613 0 4.53754
211000022279319 0 14.2783
211000022279917 0 0.903985
211000022278928 0 1.99649
211000022280106 0 0.875652
211000022280008 0 11.5793
211000022280704 0 9.98513
211000022280606 0 0.338251
211000022280508 0 1.76686
211000022279122 0 27.6974
211000022278231 0 0.561506
211000022279622 0 2.26124
3Cen_mapped_Scaffold_36_D1605 0 31.4651
211000022278633 0 1.95635
211000022278535 0 1
211000022278339 0 10.6199
211000022279926 0 0.279124
211000022280311 0 24.9813
211000022278937 0 0.91051
211000022280115 0 0.477427
211000022278839 0 9.86135
211000022280615 0 18.145
211000022280517 0 0.394838
211000022278142 0 1.05649
211000022278740 0 1.62706
211000022279533 0 0.998162
211000022278544 0 5.21335
211000022278446 0 0.184576
211000022278348 0 6.79248
211000022280320 0 17.2009
211000022279935 0 0.815881
211000022278946 0 0.306563
211000022279837 0 1.92965
211000022280124 0 1.10366
211000022278848 0 9.59313
211000022280026 0 83.9161
211000022280624 0 6.55995
211000022280526 0 1.99509
211000022278151 0 64.0285
211000022279042 0 22.3465
211000022278651 0 46.7881
211000022279444 0 25.4853
211000022280133 0 3.85285
211000022280035 0 3.15087
211000022278759 0 0.829077
211000022280633 0 7.67741
211000022280535 0 19.2745
211000022280437 0 2.72453
211000022279051 0 10.8724
211000022278660 0 8.86255
211000022279551 0 12.8519
211000022279453 0 7.14791
211000022278464 0 4.45328
211000022278366 0 0.223164
211000022279257 0 11.2063
211000022278268 0 0.650152
211000022280240 0 7.28413
211000022279855 0 6.72753
211000022278866 0 20.1322
211000022280142 0 14.452
211000022280044 0 5.85906
211000022278768 0 16.7202
211000022279659 0 0.290118
211000022280642 0 0.84735
211000022280544 0 7.93114
211000022280446 0 0.864736
Unmapped_Scaffold_52_D1739 0 19.7841
211000022279560 0 0.701687
211000022278571 0 976.806
211000022278473 0 43.7923
211000022279266 0 194.028
211000022279168 0 5.21627
211000022278973 0 0.169304
211000022280151 0 9.56356
211000022278875 0 12.2646
211000022278777 0 1.53189
211000022280553 0 0.304569
211000022280259 0 10.0532
211000022278580 0 1.10079
211000022278482 0 0.349349
211000022279373 0 7.15103
211000022278384 0 1.53147
211000022278286 0 7.67704
211000022279177 0 27.1447
211000022278982 0 14.0354
211000022280160 0 8.92832
Y_mapped_Scaffold_18_D1698 0 26.8367
211000022278884 0 5.26388
211000022280062 0 22.0672
211000022279677 0 2.05698
211000022278786 0 11.2234
211000022279579 0 20.7009
211000022278688 0 0.699062
211000022280562 0 34.1122
Unmapped_Scaffold_28_D1723 0 20.8242
211000022278491 0 52.209
211000022279382 0 0.203808
211000022279284 0 2.99155
211000022278197 0 5.61419
211000022279088 0 0.919611
211000022279980 0 0.987076
211000022278099 0 1.50585
211000022279882 0 0.897292
211000022279784 0 29.5873
211000022280071 0 0.175744
211000022279686 0 3.89179
211000022278795 0 3.7757
211000022278697 0 3.74137
211000022278599 0 22.2514
211000022280473 0 10.7407
211000022280179 0 0.423922
Unmapped_Scaffold_45_D1673 0 1.30534
3R 0 27.5247
3R 1000000 24.1005
3R 2000000 23.4372
3R 3000000 23.6962
3R 4000000 24.3701
3R 5000000 24.4497
3R 6000000 22.8059
3R 7000000 24.4296
3R 8000000 24.9877
3R 9000000 25.5202
211000022279391 0 7.57394
211000022279195 0 20.6194
211000022279097 0 0.647926
211000022279793 0 3.21365
211000022279695 0 34.6628
211000022280080 0 13.7188
211000022279499 0 0.995975
211000022278201 0 0.870118
211000022280580 0 11.5233
211000022279999 0 0.520068
X 0 22.1343
211000022278603 0 5.24887
X 1000000 11.4141
X 2000000 12.345
211000022278407 0 0.179832
X 3000000 12.9484
211000022278309 0 13.5757
X 4000000 10.7238
X 5000000 10.8443
X 6000000 11.9015
X 7000000 11.564
211000022278907 0 6.49536
X 8000000 11.5533
X 9000000 11.3975
211000022279101 0 72.6915
211000022278210 0 17.5424
211000022279003 0 1.83037
X3X4_mapped_Scaffold_14_D1732 0 13.1015
211000022279601 0 104.123
211000022278710 0 203.688
211000022280295 0 4.31691
211000022278612 0 163.887
211000022279503 0 1.08567
211000022278514 0 6.40966
211000022279307 0 35.9647
211000022278416 0 4.535
211000022278318 0 34.984
211000022280599 0 6.07166
211000022278916 0 4.28043
211000022279807 0 25.451
211000022278818 0 0.920926
211000022279709 0 437.788
211000022279012 0 35.0051
211000022279610 0 2.9817
211000022279414 0 0.314079
211000022279316 0 1.40173
211000022278327 0 17.731
211000022279218 0 23.6469
211000022278925 0 2.97561
X3X4_mapped_Scaffold_6_D1712 0 154.152
211000022278729 0 0.937759
211000022280603 0 2.76123
211000022279021 0 11.067
211000022278032 0 0.675317
211000022278630 0 27.4994
211000022279521 0 4.47263
211000022279423 0 1.16676
211000022279325 0 1.86894
211000022279227 0 2.23953
211000022278934 0 12.4441
211000022280112 0 1.58509
211000022278836 0 6.00072
211000022279727 0 23.593
211000022280014 0 7.27934
211000022278738 0 5.47121
211000022280318 0 15.9454
211000022279030 0 532.583
Unmapped_Scaffold_37_D1608 0 55.7832
211000022279530 0 12.8858
211000022278541 0 4.33688
211000022279432 0 3.03523
211000022279334 0 82.7442
211000022279236 0 3.38018
211000022278345 0 26.2742
211000022278247 0 34.1599
211000022279932 0 0.340888
211000022279834 0 0.251987
211000022278943 0 9.99114
211000022280121 0 22.412
211000022278845 0 6.3165
211000022279736 0 3.83071
211000022280023 0 1.02158
211000022278747 0 0.809821
Y_mapped_Scaffold_20_D1762_D1719 0 6.8916
211000022280621 0 12.625
XY_mapped_Scaffold_42_D1648 0 25.9581
211000022278550 0 5.95498
211000022279441 0 1.90995
211000022279343 0 19.0684
211000022278354 0 0.210401
211000022279245 0 0.289188
211000022279147 0 13.4672
211000022278256 0 0.765942
211000022278158 0 0.317568
211000022279049 0 1.24002
211000022279941 0 0.875
211000022278952 0 55.5257
211000022278854 0 2.94666
211000022279745 0 0.921927
211000022280032 0 20.5402
211000022278756 0 1.34444
211000022279647 0 1.68991
211000022280532 0 1.32887
211000022280336 0 0.325747
211000022279450 0 19.7336
211000022278461 0 69.1566
211000022279352 0 10.1953
211000022279156 0 9.53301
211000022278265 0 0.440577
211000022279058 0 0.22534
211000022279950 0 44.2239
211000022279754 0 5.92921
211000022278765 0 5.95409
211000022279656 0 0.988226
211000022278569 0 0.894825
211000022280541 0 6.21514
211000022280443 0 4.46951
211000022280345 0 1.96992
211000022280247 0 14.537
211000022280149 0 1.54389
211000022280747 0 21.2637
211000022280649 0 89.6508
211000022278470 0 9.35041
211000022278372 0 2.12947
211000022279165 0 6.38551
211000022278274 0 1.76968
211000022279067 0 6.23696
211000022278176 0 2.63845
211000022278970 0 0.4657
211000022278872 0 47.7374
211000022280050 0 0.796224
211000022278774 0 3.91151
211000022278578 0 13.5547
211000022279969 0 1.56529
211000022280256 0 0.905109
211000022279370 0 43.8092
211000022279272 0 1.48296
211000022279174 0 2.8
211000022278283 0 0.234632
211000022278185 0 0.973031
211000022279870 0 3.33967
211000022278881 0 4.17925
211000022279772 0 2.16839
211000022279576 0 0.276634
211000022280461 0 1.28563
211000022279978 0 1.68843
211000022278390 0 2.1068
Unmapped_Scaffold_24_D1707 0 52.4269
211000022279183 0 0.562145
211000022278194 0 4.68897
211000022278890 0 61.8562
211000022278694 0 14.1058
211000022279487 0 2.77063
211000022278498 0 1.99161
211000022280470 0 543.618
211000022279987 0 3.17879
211000022279889 0 3.7233
Y_mapped_Scaffold_26_D1717 0 52.2244
211000022280676 0 1.58917
211000022280578 0 1.72154
211000022279192 0 4.20347
211000022279094 0 7.29902
211000022279692 0 1.73095
211000022279496 0 98.2756
211000022278100 0 27.4516
211000022280283 0 0.884321
211000022279898 0 3.49165
211000022278600 0 4.27052
211000022278502 0 19.893
211000022280087 0 0.425391
211000022278404 0 5.30607
211000022278306 0 0.156725
211000022278208 0 31.4652
211000022280685 0 6.42948
211000022280587 0 351.543
211000022279000 0 6.12281
211000022278511 0 4.77827
211000022278413 0 2.3287
211000022279108 0 14.878
211000022278217 0 2.6424
211000022278119 0 0.661221
211000022280694 0 0.249195
211000022279902 0 0.142626
211000022280596 0 15.1147
211000022279804 0 0.243891
211000022280498 0 10.4631
211000022279608 0 14.2373
211000022278717 0 5.90938
Unmapped_Scaffold_58_D1862 0 43.055
211000022278520 0 7.28141
211000022279411 0 0.216745
211000022278324 0 4.318
211000022279117 0 2.72692
211000022279911 0 12.7303
211000022279813 0 3.70477
211000022280002 0 2.51288
211000022278726 0 0.399392
211000022278628 0 6.02049
211000022278431 0 25.0201
211000022279224 0 0.88213
211000022278235 0 57.8486
211000022279126 0 16.9244
211000022278137 0 9.36155
211000022278833 0 0.385885
211000022279724 0 4.67008
211000022280011 0 2.2964
211000022278735 0 4.5425
211000022279528 0 4.98016
211000022278539 0 34.5612
211000022280511 0 17.5747
211000022280619 0 340.224
211000022278440 0 19.8437
211000022279233 0 35.9022
211000022278244 0 44.6591
211000022279831 0 20.9086
211000022278842 0 4.4482
211000022279733 0 3.2522
211000022278744 0 19.2752
211000022279635 0 20.6369
211000022278646 0 0.59375
Unmapped_Scaffold_51_D1697 0 1.32828
211000022280520 0 1.63291
211000022280226 0 27.4929
211000022280128 0 21.077
211000022280628 0 7.29217
211000022279340 0 0.567625
211000022278253 0 1.8523
211000022279144 0 0.999188
211000022279046 0 51.327
211000022278851 0 3.8706
211000022279742 0 33.3106
211000022279644 0 0.996071
211000022278655 0 0.397419
211000022279546 0 0.717742
211000022278557 0 65.6925
211000022280333 0 3.32715
211000022279948 0 0.682046
211000022280235 0 7.30727
211000022278959 0 18.2993
211000022280735 0 14.4146
211000022280539 0 1.89531
211000022278360 0 26.0214
211000022279153 0 1.75671
211000022278262 0 7.72841
211000022278164 0 8.79141
211000022279055 0 2.44969
211000022278860 0 8.96627
211000022279653 0 11.1719
211000022278664 0 7.29009
211000022279555 0 4.24541
211000022278468 0 77.1689
211000022279359 0 3.54389
211000022280440 0 551.916
211000022279957 0 4.17844
211000022279859 0 5.44454
211000022278968 0 19.5093
211000022280548 0 4.03629
211000022278271 0 10.4975
211000022279162 0 5.62613
211000022279064 0 0.890654
211000022278673 0 1.9485
211000022278575 0 0.465793
211000022278477 0 9.29594
211000022279966 0 47.7962
211000022279868 0 7.56179
211000022278879 0 65.566
211000022280655 0 96.7483
211000022280557 0 7.68777
211000022280459 0 18.4898
211000022278280 0 6.40628
211000022278182 0 1.24069
211000022278780 0 32.3468
211000022279671 0 9.65992
211000022278682 0 0.795996
211000022279573 0 20.4917
211000022278584 0 23.8503
211000022279377 0 0.75947
211000022279279 0 10.2268
211000022278388 0 0.873557
211000022279975 0 0.346715
211000022280262 0 6.18603
211000022279877 0 2.36229
211000022280164 0 0.512864
211000022278888 0 0.962727
211000022280762 0 1.72109
211000022280566 0 20.4193
211000022279180 0 7.07616
211000022279082 0 38.1991
211000022279680 0 53.0654
211000022278691 0 6.29792
211000022279582 0 6.84254
211000022279484 0 8.73088
211000022278593 0 6.99137
211000022278495 0 5.13087
211000022279288 0 4.19244
211000022278299 0 18.455
4 0 27.0055
4 1000000 27.6131
211000022278897 0 8.21508
211000022280173 0 0.883993
211000022279788 0 0.30054
3L 0 24.3807
3L 1000000 23.4897
3L 2000000 23.5396
3L 3000000 24.4325
3L 4000000 24.2173
3L 5000000 24.1548
Unmapped_Scaffold_22_D1753 0 23.935
3L 6000000 24.705
3L 7000000 24.8943
3L 8000000 23.9626
3L 9000000 24.4818
211000022279091 0 8.94928
3R 10000000 23.8764
3R 11000000 23.884
3R 12000000 23.7448
3R 13000000 24.2521
3R 14000000 25.5577
211000022279493 0 1.32111
3R 15000000 23.113
3R 16000000 24.877
211000022279297 0 26.6768
3R 17000000 24.6405
211000022279199 0 15.8312
3R 18000000 23.7772
3R 19000000 24.6087
211000022280084 0 19.7563
211000022278401 0 0.998256
211000022278205 0 2.67555
211000022278803 0 3.33517
211000022278705 0 5.26145
211000022278509 0 0.577778
3R 20000000 25.4885
3R 21000000 23.9895
3R 22000000 23.8089
3R 23000000 22.8783
3R 24000000 23.7623
3R 25000000 26.3618
3R 26000000 26.1885
3R 27000000 23.8853
3R 28000000 23.6573
3R 29000000 23.2648
211000022280191 0 2.17816
211000022280093 0 9.50249
211000022278410 0 7.84
211000022278312 0 1.99971
211000022279203 0 4.9543
211000022278214 0 0.995202
211000022279007 0 0.22274
211000022280691 0 2.82523
211000022278910 0 3.48142
211000022280593 0 35.4401
211000022279801 0 11.6002
211000022278812 0 197.74
211000022279703 0 3.42358
211000022280495 0 33.1767
211000022279605 0 14.1805
211000022278714 0 2.95336
211000022278616 0 46.025
211000022279507 0 8.84459
211000022279409 0 21.4871
211000022279909 0 0.617126
3R 30000000 23.6852
3R 31000000 24.6684
3R 32000000 31.8391
211000022279310 0 0.202568
211000022279212 0 0.198934
211000022279114 0 0.154375
211000022278125 0 33.1796
211000022279016 0 0.987013
211000022279810 0 17.4796
211000022279712 0 1.95875
211000022278723 0 24.6051
211000022278625 0 85.082
211000022279516 0 17.9698
211000022279418 0 11.3731
211000022278429 0 2.72396
211000022280303 0 2.42857
211000022279918 0 139.497
211000022280205 0 1.01839
211000022278929 0 2.19528
211000022280607 0 13.0282
211000022279123 0 61.1636
211000022279025 0 44.1314
211000022278134 0 30.0069
211000022278830 0 36.4316
211000022279623 0 5.44512
211000022278634 0 51.9446
211000022278536 0 8.55165
211000022279329 0 2.62056
211000022280312 0 7.76075
211000022280214 0 5.28991
211000022280116 0 2.52711
211000022280518 0 29.1096
211000022279230 0 15.2175
211000022278241 0 6.21077
211000022279132 0 0.20597
211000022278143 0 25.8307
211000022279730 0 10.3645
211000022279632 0 5.82811
211000022278643 0 29.676
211000022279436 0 19.7563
211000022278349 0 0.194853
211000022279936 0 4.45148
211000022280223 0 11.1689
211000022278947 0 4.60026
211000022280125 0 1.54159
211000022280625 0 2.85848
211000022279141 0 3.68773
211000022278152 0 4.08549
Unmapped_Scaffold_17_D1756_D1775 0 8.24541
211000022279641 0 1.18702
3Cen_mapped_Scaffold_27_D1777 0 39.0274
211000022278554 0 6.16529
211000022279445 0 7.10806
211000022278456 0 0.644068
211000022279945 0 112.183
211000022280232 0 2.87599
211000022278956 0 1.59654
211000022278858 0 3.97659
211000022279749 0 8.96699
211000022280536 0 19.8376
211000022278161 0 8.8176
211000022279052 0 0.999284
211000022279552 0 0.0790402
211000022279454 0 7.60795
211000022278465 0 220.809
211000022279356 0 1.31814
211000022279258 0 9.61737
211000022279954 0 0.684623
211000022280241 0 1.31316
211000022278965 0 4.29845
211000022279856 0 0.699445
211000022280143 0 20.066
211000022279758 0 1.55071
211000022280045 0 1.17266
211000022278769 0 1.83501
211000022280643 0 4.54928
211000022280545 0 106.27
211000022280447 0 6.09391
211000022278170 0 6.79828
211000022279061 0 3.71186
211000022279463 0 14.4853
211000022279365 0 61.517
211000022278376 0 17.7641
211000022279267 0 72.3193
211000022278278 0 0.47433
211000022279963 0 4.84341
211000022278974 0 1.27298
211000022278876 0 25.765
211000022280054 0 4.86499
211000022279669 0 0.239316
211000022280750 0 36.7276
211000022280554 0 14.9848
211000022280456 0 23.8215
211000022279070 0 4.36902
211000022279570 0 0.963563
211000022278581 0 2.98605
211000022278483 0 0.807122
211000022279374 0 30.8263
211000022278385 0 16.8616
211000022279276 0 0.72336
211000022279178 0 7.69155
211000022279972 0 5.24951
211000022278983 0 13.2027
211000022278787 0 37.904
211000022279678 0 4
211000022278689 0 1.71231
211000022280465 0 11.3209
Unmapped_Scaffold_35_D1599 0 0.867786
211000022278090 0 2.24795
211000022279481 0 0.991525
